// 07:00 07:30 前程路
    31.195513,121.543869
    31.195862,121.544884
    31.196486,121.543617
    31.196054,121.543945
    31.196365,121.542801
    31.195898,121.541115
    31.195999,121.540192
    31.196062,121.541115
    31.195814,121.541298
    31.195402,121.541122
    31.194990,121.541214
    31.194622,121.541649
    31.194126,121.541031
    31.193153,121.541641
    31.192575,121.540604
    31.192089,121.540726
    31.191574,121.541161
    31.191730,121.541878
    31.192419,121.541275
    31.192944,121.542282

// 07:30 07:45 前程路 万邦
    31.192984,121.542412
    31.193176,121.543297
    31.193392,121.543991
    31.193665,121.544662
    31.195391,121.548271
    31.195679,121.549026
    31.195679,121.549026
    31.197910,121.548042
    31.197910,121.548042
    31.199888,121.554306

// 07:45 07:55 万邦
    31.199903,121.554352
    31.199766,121.553467
    31.200096,121.553322
    31.199959,121.552605
    31.199818,121.552475
    31.199858,121.552635
    31.200161,121.552956
    31.200605,121.552780
    31.200808,121.553185
    31.201170,121.553482
    31.201212,121.553299
    31.200947,121.553009
    31.201105,121.553322
    31.201000,121.553551
    31.200872,121.553078
    31.200680,121.553032
    31.200800,121.552956
    31.200699,121.552773

// 07:55 09:00 浦东-虹桥站
    31.200733,121.552818
    31.201193,121.553093
    31.201406,121.553406
    31.201406,121.553406
    31.199940,121.554459
    31.199940,121.554459
    31.200115,121.554817
    31.201000,121.556252
    31.201117,121.556519
    31.201117,121.556519
    31.203838,121.556000
    31.203838,121.556000
    31.203606,121.554733
    31.203148,121.553253
    31.202696,121.552261
    31.201551,121.550018
    31.199638,121.546600
    31.199146,121.545609
    31.198565,121.544258
    31.198254,121.543304
    31.198254,121.543304
    31.198179,121.543205
    31.197824,121.542007
    31.197611,121.540848
    31.197496,121.539932
    31.197409,121.538872
    31.197380,121.537796
    31.197414,121.536903
    31.197571,121.535423
    31.197748,121.534416
    31.200361,121.522858
    31.202593,121.513657
    31.203234,121.511467
    31.206938,121.501404
    31.207140,121.500977
    31.207359,121.500702
    31.207560,121.500565
    31.207878,121.500458
    31.208223,121.500481
    31.208525,121.500610
    31.208775,121.500832
    31.208981,121.501152
    31.209087,121.501526
    31.209101,121.501854
    31.209055,121.502121
    31.208788,121.502625
    31.208357,121.502930
    31.208012,121.503006
    31.207798,121.502975
    31.207575,121.502846
    31.207300,121.502541
    31.207211,121.502319
    31.207165,121.502022
    31.207188,121.501663
    31.207277,121.501389
    31.207434,121.501137
    31.207680,121.500938
    31.207903,121.500870
    31.208282,121.500900
    31.208412,121.500938
    31.208662,121.501137
    31.208822,121.501312
    31.208942,121.501541
    31.209021,121.501839
    31.209021,121.502136
    31.208881,121.502457
    31.208706,121.502686
    31.208422,121.502892
    31.208157,121.502983
    31.207914,121.502991
    31.207630,121.502892
    31.207474,121.502785
    31.207264,121.502480
    31.207161,121.502083
    31.207188,121.501740
    31.207321,121.501320
    31.207882,121.499992
    31.207928,121.499619
    31.207848,121.499069
    31.206930,121.497292
    31.206547,121.496674
    31.202160,121.490822
    31.201929,121.490440
    31.201439,121.489433
    31.201221,121.488899
    31.195435,121.471680
    31.194782,121.469940
    31.192152,121.465134
    31.190529,121.462967
    31.187464,121.457893
    31.187189,121.457253
    31.187048,121.456779
    31.185791,121.451973
    31.185413,121.451004
    31.185030,121.450279
    31.184425,121.449417
    31.180607,121.444733
    31.178637,121.442108
    31.178356,121.441628
    31.178185,121.441132
    31.178108,121.440681
    31.178097,121.440071
    31.178221,121.439407
    31.179626,121.435318
    31.180826,121.432732
    31.181143,121.431953
    31.181452,121.431000
    31.182121,121.427963
    31.182325,121.427299
    31.182539,121.426796
    31.182938,121.426102
    31.183552,121.425354
    31.184065,121.424927
    31.190914,121.420151
    31.199106,121.413986
    31.200283,121.413322
    31.201513,121.412811
    31.202736,121.412506
    31.204964,121.412186
    31.204964,121.412186
    31.205404,121.412231
    31.205704,121.412216
    31.205704,121.412216
    31.207254,121.412102
    31.207607,121.412125
    31.207947,121.412262
    31.208050,121.412369
    31.208183,121.412621
    31.208199,121.412827
    31.208029,121.413185
    31.207788,121.413300
    31.207630,121.413300
    31.207388,121.413216
    31.207125,121.412979
    31.206539,121.412224
    31.205507,121.411072
    31.202660,121.407082
    31.202110,121.406235
    31.201805,121.405624
    31.201410,121.404449
    31.199614,121.397507
    31.199104,121.396217
    31.198397,121.394905
    31.192974,121.385727
    31.191887,121.383606
    31.191282,121.382248
    31.190332,121.379631
    31.186359,121.367027
    31.186359,121.367027
    31.185068,121.362877
    31.185068,121.362877
    31.184715,121.361832
    31.183792,121.359734
    31.183544,121.359268
    31.182537,121.357712
    31.181101,121.356010
    31.180065,121.354965
    31.175568,121.350670
    31.173983,121.348892
    31.172482,121.346825
    31.171429,121.345108
    31.170397,121.343109
    31.169729,121.341599
    31.169729,121.341599
    31.169699,121.341324
    31.169365,121.340424
    31.169289,121.340042
    31.169365,121.339653
    31.169624,121.339302
    31.181190,121.330017
    31.181803,121.329590
    31.183081,121.328812
    31.184389,121.328171
    31.185324,121.327789
    31.185324,121.327789
    31.186026,121.327545
    31.186926,121.327362
    31.187201,121.327194
    31.187412,121.326927
    31.187513,121.326675
    31.187574,121.326241
    31.187422,121.324333
    31.187422,121.324333
    31.187473,121.323952
    31.187565,121.323715
    31.187780,121.323486
    31.187952,121.323410
    31.188322,121.323326
    31.192602,121.323120
    31.192602,121.323120
    31.192982,121.323090
    31.193129,121.322990
    31.193213,121.322845
    31.193237,121.322701
    31.193165,121.320953

// 09:00 13:48 上海虹桥站-北京南站 
    31.19365,121.32058
    31.19412,121.32063
    31.197290,121.32086
    31.19924,121.32088
    31.20144,121.32094
    31.20337,121.32091
    31.2066,121.32067
    31.21349,121.31977
    31.21521,121.31961
    31.21619,121.31944
    31.217000,121.31927
    31.21792,121.31889
    31.219530,121.31804
    31.221040,121.31700
    31.22334,121.31519
    31.226480,121.31178
    31.22885,121.30877
    31.23171,121.30546
    31.233890,121.30277
    31.23583,121.30054
    31.23636,121.29998
    31.23818,121.29823
    31.24045,121.29632
    31.24267,121.29471
    31.24486,121.29327
    31.24530,121.29304
    31.24801,121.29203
    31.25146,121.29067
    31.25564,121.28906
    31.26404,121.28584
    31.26526,121.28535
    31.26652,121.28511
    31.26761,121.28499
    31.26851,121.28498
    31.26934,121.28509
    31.27032,121.28539
    31.271060,121.28569
    31.27174,121.28608
    31.272460,121.28657
    31.27329,121.28747
    31.27389,121.28828
    31.27437,121.28905
    31.27484,121.29004
    31.27512,121.29109
    31.27543,121.29261
    31.276120,121.29771
    31.276400,121.30029
    31.27646,121.30095
    31.276500,121.30156
    31.27702,121.30719
    31.2771,121.30847
    31.27709,121.30937
    31.27703,121.31027
    31.27691,121.31122
    31.2767,121.31249
    31.27496,121.32119
    31.27468,121.32308
    31.27441,121.32481
    31.27427,121.32598
    31.27423,121.32707
    31.27438,121.32919
    31.274430,121.33119
    31.27433,121.3324
    31.27413,121.33382
    31.27308,121.33924
    31.27282,121.34053
    31.27248,121.34162
    31.27202,121.34279
    31.27103,121.34518
    31.26998,121.34774
    31.270580,121.34691
    31.270960,121.34641
    31.27142,121.34586
    31.27192,121.34519
    31.27239,121.34450
    31.272740,121.34393
    31.27308,121.34181
    31.274250,121.33527
    31.27541,121.32944
    31.275570,121.32861
    31.275650,121.32802
    31.27570,121.32643
    31.27579,121.32535
    31.27597,121.32417
    31.27627,121.32256
    31.27731,121.31734
    31.27767,121.31616
    31.27864,121.31374
    31.27882,121.31306
    31.27907,121.31162
    31.27955,121.30903
    31.280450,121.30434
    31.28125,121.30013
    31.28151,121.29911
    31.28169,121.29834
    31.28186,121.29763
    31.28199,121.29698
    31.28212,121.29592
    31.282140,121.29498
    31.282040,121.29401
    31.28189,121.29324
    31.28158,121.2925
    31.28008,121.29020
    31.279320,121.28893
    31.27900,121.28832
    31.27873,121.28766
    31.27846,121.28673
    31.27832,121.28562
    31.27831,121.28460
    31.27836,121.28378
    31.27852,121.28296
    31.27883,121.28202
    31.27924,121.28119
    31.27983,121.28043
    31.28070,121.27962
    31.28173,121.27884
    31.28703,121.27565
    31.28764,121.27253
    31.28957,121.26247
    31.29033,121.25850
    31.29117,121.25443
    31.29168,121.25179
    31.296490,121.22544
    31.29941,121.20944
    31.30047,121.20455
    31.302960,121.19138
    31.3058,121.17611
    31.30619,121.174
    31.30696,121.17031
    31.30782,121.16683
    31.30830,121.16493
    31.30875,121.16337
    31.31453,121.14516
    31.31945,121.12961
    31.32496,121.11241
    31.33153,121.09272
    31.33604,121.07778
    31.3395,121.06700
    31.33942,121.06515
    31.33914,121.06243
    31.33894,121.06088
    31.33840,121.05754
    31.33753,121.05325
    31.33579,121.04615
    31.33528,121.04403
    31.33417,121.03953
    31.33343,121.03606
    31.33266,121.03169
    31.33208,121.02624
    31.33193,121.02395
    31.33185,121.02163
    31.331860,121.01870
    31.33202,121.01421
    31.332340,121.01030
    31.332910,121.00612
    31.33323,121.00439
    31.33367,121.00201
    31.33494,120.99680
    31.33627,120.99259
    31.34056,120.98156
    31.346890,120.96604
    31.3499,120.95881
    31.35313,120.95103
    31.35316,120.95094
    31.35957,120.93523
    31.361430,120.93076
    31.363960,120.92462
    31.36801,120.91479
    31.3684,120.91384
    31.37064,120.90840
    31.373070,120.90249
    31.375030,120.89773
    31.37684,120.89300
    31.37820,120.88862
    31.378800,120.88637
    31.37946,120.88355
    31.38024,120.87954
    31.380290,120.87918
    31.38090,120.87446
    31.38117,120.87150
    31.381320,120.86761
    31.38137,120.86437
    31.38121,120.86108
    31.38080,120.85621
    31.38027,120.85152
    31.37995,120.84874
    31.37951,120.84535
    31.37911,120.84231
    31.37865,120.83851
    31.37820,120.83467
    31.37787,120.83250
    31.37756,120.83037
    31.37696,120.82724
    31.37572,120.82228
    31.37371,120.81420
    31.37226,120.80789
    31.37171,120.80454
    31.3713,120.80146
    31.371000,120.79830
    31.37083,120.79436
    31.37074,120.79112
    31.370910,120.78684
    31.37121,120.78242
    31.37164,120.77791
    31.37206,120.77309
    31.372690,120.76637
    31.37356,120.75921
    31.37452,120.75437
    31.37496,120.75214
    31.37646,120.74476
    31.37741,120.7399
    31.37874,120.73328
    31.38093,120.72476
    31.38253,120.71954
    31.38435,120.71504
    31.38624,120.71055
    31.38880,120.70476
    31.39262,120.69775
    31.39669,120.69024
    31.40061,120.68279
    31.40569,120.67317
    31.41222,120.66097
    31.41457,120.65647
    31.41668,120.65244
    31.42054,120.64524
    31.42263,120.64126
    31.422800,120.64094
    31.42406,120.63853
    31.42897,120.62919
    31.43055,120.62618
    31.43920,120.60997
    31.447300,120.59479
    31.45633,120.57775
    31.45878,120.57321
    31.4613,120.56887
    31.46545,120.56282
    31.46932,120.55786
    31.47541,120.55142
    31.48006,120.54742
    31.484450,120.54409
    31.48773,120.54178
    31.49418,120.53792
    31.49796,120.53571
    31.50129,120.53379
    31.508010,120.52996
    31.51889,120.52368
    31.52962,120.51726
    31.53647,120.51309
    31.54635,120.50776
    31.55104,120.5049
    31.551840,120.50444
    31.56082,120.49929
    31.564410,120.49661
    31.57037,120.49168
    31.57500,120.48716
    31.57940,120.48211
    31.58147,120.47949
    31.5847,120.47540
    31.58962,120.46917
    31.59109,120.46745
    31.596420,120.4607
    31.59794,120.45878
    31.60452,120.45046
    31.61158,120.44331
    31.61886,120.4372
    31.62649,120.43115
    31.63760,120.42196
    31.64349,120.41720
    31.65195,120.41010
    31.66491,120.39732
    31.66803,120.39425
    31.67526,120.38779
    31.68000,120.38245
    31.68202,120.37971
    31.68297,120.37844
    31.68533,120.37450
    31.68756,120.36993
    31.689500,120.36529
    31.69133,120.35974
    31.69309,120.35357
    31.69581,120.34387
    31.69747,120.33800
    31.69971,120.32969
    31.70298,120.31344
    31.70568,120.2985
    31.70750,120.28849
    31.70889,120.28160
    31.71013,120.27665
    31.71251,120.26957
    31.71446,120.26460
    31.71834,120.25522
    31.71862,120.25460
    31.72146,120.24830
    31.72349,120.24396
    31.724890,120.24097
    31.72886,120.23396
    31.73144,120.23011
    31.73496,120.22531
    31.74707,120.21199
    31.74808,120.21089
    31.76047,120.19748
    31.77187,120.18506
    31.78095,120.17529
    31.784480,120.17147
    31.786450,120.16893
    31.789630,120.16435
    31.791150,120.16182
    31.79345,120.15775
    31.79502,120.15433
    31.79628,120.15136
    31.79778,120.14669
    31.79926,120.14151
    31.800710,120.13595
    31.80167,120.13096
    31.80179,120.1299
    31.80238,120.12453
    31.803340,120.11544
    31.80408,120.10945
    31.80502,120.10358
    31.806,120.09885
    31.80745,120.09303
    31.80854,120.08877
    31.81288,120.07219
    31.81533,120.06227
    31.818070,120.05373
    31.82170,120.04396
    31.82597,120.03242
    31.831400,120.01740
    31.83144,120.0173
    31.83604,120.00482
    31.83774,120.0002
    31.84359,119.98351
    31.84580,119.97788
    31.85018,119.96555
    31.85405,119.95505
    31.85583,119.95019
    31.85791,119.94443
    31.864060,119.92768
    31.86928,119.91350
    31.871840,119.90662
    31.87463,119.90018
    31.87783,119.89396
    31.88324,119.88470
    31.88625,119.87973
    31.89068,119.87240
    31.89760,119.86085
    31.90098,119.85507
    31.91458,119.83211
    31.91513,119.83118
    31.92472,119.81523
    31.93224,119.80233
    31.94848,119.77517
    31.95824,119.75884
    31.96048,119.75504
    31.98844,119.70739
    31.99388,119.69848
    31.99793,119.69338
    32.0022,119.68799
    32.01521,119.67242
    32.0276,119.65760
    32.03754,119.64537
    32.04841,119.62994
    32.04904,119.62904
    32.05624,119.61916
    32.06475,119.60875
    32.07558,119.59581
    32.08112,119.58914
    32.08471,119.58483
    32.09248,119.57530
    32.09304,119.57466
    32.10914,119.55560
    32.11103,119.55326
    32.11340,119.55017
    32.11621,119.54605
    32.1182,119.54287
    32.12000,119.53964
    32.12223,119.53541
    32.12383,119.53157
    32.12585,119.52595
    32.12742,119.52041
    32.12901,119.51286
    32.12986,119.50858
    32.13055,119.50519
    32.13392,119.48838
    32.13624,119.47653
    32.13747,119.47166
    32.13893,119.46667
    32.14063,119.45973
    32.14162,119.45574
    32.14282,119.45143
    32.14676,119.44093
    32.14839,119.43624
    32.15077,119.42947
    32.1516,119.42687
    32.15245,119.42420
    32.15256,119.42383
    32.15346,119.42123
    32.15351,119.42092
    32.15366,119.42047
    32.15522,119.41640
    32.15753,119.40965
    32.16098,119.39967
    32.1648,119.38843
    32.16517,119.38733
    32.16732,119.38043
    32.16808,119.37800
    32.16929,119.37256
    32.17015,119.36672
    32.17049,119.36301
    32.17071,119.35787
    32.17069,119.35383
    32.17041,119.34840
    32.17018,119.34655
    32.16988,119.34426
    32.16920,119.34016
    32.16842,119.33615
    32.16663,119.32831
    32.16468,119.31864
    32.16413,119.31587
    32.16164,119.30389
    32.16053,119.29554
    32.16004,119.28404
    32.16025,119.27256
    32.16077,119.25616
    32.16076,119.25527
    32.16067,119.24883
    32.15995,119.23910
    32.15900,119.23233
    32.15821,119.22821
    32.15657,119.22125
    32.15564,119.21789
    32.15353,119.21161
    32.15057,119.20448
    32.14683,119.19725
    32.14399,119.19258
    32.14092,119.18812
    32.13206,119.17537
    32.12798,119.16832
    32.12430,119.16045
    32.11734,119.13992
    32.11435,119.13047
    32.10791,119.1102
    32.10760,119.10921
    32.10627,119.10502
    32.09999,119.08515
    32.09748,119.07556
    32.09734,119.07503
    32.09727,119.07464
    32.08964,119.03581
    32.08784,119.02742
    32.08497,119.01398
    32.08384,119.00871
    32.08289,119.00525
    32.08198,119.00200
    32.08128,119.00008
    32.07914,118.99426
    32.07679,118.98898
    32.07328,118.98175
    32.07179,118.97867
    32.06981,118.97449
    32.06745,118.96960
    32.0657,118.96591
    32.06403,118.96260
    32.06308,118.9607
    32.06166,118.95815
    32.05844,118.953
    32.05574,118.94919
    32.05318,118.94595
    32.04959,118.94147
    32.04772,118.93974
    32.03669,118.92964
    32.03317,118.92637
    32.02773,118.9205
    32.02500,118.91724
    32.02272,118.91434
    32.02012,118.91075
    32.01722,118.9064
    32.01477,118.90229
    32.01297,118.89911
    32.01072,118.89469
    32.00908,118.89113
    32.00744,118.88724
    32.005,118.88087
    32.00467,118.88003
    31.99783,118.86263
    31.99727,118.86120
    31.99181,118.84685
    31.991030,118.84479
    31.98734,118.83673
    31.98523,118.83217
    31.98433,118.83042
    31.982960,118.82701
    31.98107,118.82298
    31.97914,118.81894
    31.97710,118.81508
    31.96927,118.80001
    31.968310,118.79783
    31.96773,118.79650
    31.96196,118.78199
    31.96083,118.77937
    31.959770,118.77741
    31.95841,118.77512
    31.95566,118.77037
    31.9536,118.76718
    31.95167,118.76423
    31.95024,118.76254
    31.94724,118.75898
    31.94377,118.75522
    31.941110,118.75234
    31.93696,118.74783
    31.93466,118.74517
    31.93239,118.74219
    31.931160,118.74035
    31.92942,118.73751
    31.927960,118.7348
    31.92643,118.73160
    31.92507,118.72819
    31.92358,118.72364
    31.92136,118.71626
    31.92026,118.71052
    31.91995,118.70501
    31.9203,118.69935
    31.92190,118.69206
    31.92303,118.68776
    31.923550,118.68607
    31.92407,118.68436
    31.92615,118.67866
    31.92800,118.67519
    31.93184,118.66946
    31.93487,118.66494
    31.95475,118.63988
    31.95578,118.63857
    31.96273,118.63002
    31.96993,118.62117
    31.97324,118.61709
    31.97553,118.61436
    31.97815,118.61082
    31.97830,118.61063
    31.98075,118.60638
    31.98276,118.60262
    31.98472,118.59885
    31.98750,118.59343
    31.98945,118.58926
    31.99227,118.58349
    31.99449,118.57882
    31.99651,118.57451
    31.99781,118.57169
    31.99888,118.56936
    32.00135,118.56422
    32.00391,118.55866
    32.00683,118.55307
    32.0103,118.54718
    32.01340,118.54069
    32.01775,118.53158
    32.02109,118.52473
    32.02499,118.51822
    32.02851,118.51287
    32.03191,118.50781
    32.03308,118.50611
    32.03350,118.50560
    32.03397,118.50524
    32.03462,118.50472
    32.03956,118.50107
    32.04524,118.49656
    32.05799,118.48438
    32.06527,118.47764
    32.06840,118.47475
    32.08141,118.46185
    32.08205,118.46122
    32.08828,118.45508
    32.10374,118.44105
    32.10970,118.43563
    32.11477,118.43095
    32.11626,118.42946
    32.14384,118.40439
    32.14812,118.40039
    32.15206,118.39633
    32.15461,118.39349
    32.15728,118.39027
    32.1601,118.38662
    32.16276,118.38288
    32.16433,118.38048
    32.16477,118.37981
    32.1659,118.37808
    32.16952,118.37190
    32.17706,118.35806
    32.17979,118.35283
    32.18687,118.33986
    32.19119,118.33203
    32.19769,118.31983
    32.19872,118.31790
    32.20414,118.30781
    32.22073,118.27705
    32.23252,118.25534
    32.23403,118.25255
    32.23932,118.2429
    32.24453,118.23322
    32.24794,118.22695
    32.2483,118.22627
    32.26236,118.20045
    32.26857,118.18895
    32.27235,118.18262
    32.27908,118.17322
    32.28383,118.16733
    32.29314,118.15777
    32.29973,118.15113
    32.31497,118.13542
    32.31962,118.13060
    32.32141,118.12875
    32.32671,118.12283
    32.33143,118.11662
    32.33994,118.10542
    32.34701,118.09577
    32.35725,118.08154
    32.36174,118.07608
    32.36275,118.07487
    32.36366,118.07367
    32.36427,118.07271
    32.36485,118.07161
    32.36547,118.07017
    32.36666,118.06809
    32.37049,118.06237
    32.37687,118.05365
    32.37963,118.05004
    32.4069,118.01625
    32.40963,118.01244
    32.4108,118.01054
    32.41371,118.00547
    32.41458,118.00418
    32.42245,117.99332
    32.43525,117.97578
    32.4528,117.95334
    32.47408,117.92909
    32.49761,117.90384
    32.49775,117.90372
    32.50663,117.89574
    32.52524,117.88034
    32.54414,117.86472
    32.5563,117.85390
    32.5612,117.85060
    32.56456,117.84878
    32.57290,117.84415
    32.57496,117.84298
    32.58118,117.83942
    32.58776,117.83556
    32.59324,117.83277
    32.59932,117.82867
    32.61294,117.81645
    32.62801,117.79934
    32.65313,117.76781
    32.66244,117.75560
    32.66465,117.75269
    32.66551,117.75156
    32.66952,117.74775
    32.67282,117.745
    32.67489,117.74281
    32.67659,117.74007
    32.68269,117.72321
    32.7013,117.68435
    32.72473,117.63043
    32.72811,117.62266
    32.74370,117.58689
    32.74784,117.57928
    32.77624,117.52727
    32.7867,117.50954
    32.78947,117.50564
    32.7963,117.49601
    32.79985,117.49175
    32.80603,117.48512
    32.81234,117.4796
    32.81826,117.47527
    32.82536,117.47132
    32.83150,117.46853
    32.83776,117.46568
    32.85607,117.45722
    32.86539,117.45287
    32.87632,117.44940
    32.89912,117.44332
    32.90258,117.44238
    32.91275,117.43962
    32.91494,117.43916
    32.926,117.43624
    32.92636,117.43623
    32.92678,117.43626
    32.92779,117.43631
    32.92882,117.43628
    32.92983,117.43613
    32.92989,117.43612
    32.93032,117.43605
    32.94150,117.43436
    32.95043,117.43339
    32.95287,117.43338
    32.95363,117.43331
    32.95652,117.43272
    32.95835,117.43253
    32.96936,117.43112
    32.97742,117.4304
    32.97833,117.4303
    32.98053,117.42965
    32.98502,117.42808
    32.9973,117.42446
    32.99835,117.42410
    33.00992,117.42012
    33.03566,117.41172
    33.04404,117.40833
    33.05556,117.40451
    33.05637,117.40441
    33.05724,117.40451
    33.058,117.40443
    33.08174,117.39668
    33.08326,117.39619
    33.09686,117.39177
    33.12024,117.38358
    33.13043,117.38085
    33.13455,117.37975
    33.16073,117.37376
    33.16512,117.37261
    33.192,117.36556
    33.20033,117.36358
    33.20815,117.36161
    33.24848,117.35524
    33.25444,117.35430
    33.29623,117.34892
    33.30068,117.34846
    33.30404,117.34769
    33.30505,117.34749
    33.30731,117.34727
    33.31337,117.34651
    33.31967,117.34561
    33.32341,117.34510
    33.32796,117.34454
    33.33184,117.34387
    33.3333,117.34336
    33.38665,117.31936
    33.41515,117.30673
    33.44904,117.29172
    33.45602,117.28963
    33.49849,117.27941
    33.54222,117.26889
    33.55956,117.26576
    33.58181,117.26429
    33.61526,117.25991
    33.63345,117.25747
    33.66489,117.25335
    33.67474,117.25202
    33.68918,117.25008
    33.70556,117.24794
    33.71688,117.24644
    33.73326,117.24416
    33.74858,117.24100
    33.78538,117.23518
    33.83194,117.22672
    33.84312,117.22469
    33.84971,117.22420
    33.85595,117.22409
    33.86182,117.22447
    33.91529,117.23401
    33.99863,117.24889
    34.02899,117.25431
    34.03615,117.2557
    34.05048,117.25848
    34.05778,117.26070
    34.06534,117.26383
    34.08199,117.27178
    34.1424,117.30065
    34.16540,117.31137
    34.18568,117.32083
    34.18885,117.32184
    34.19344,117.32242
    34.20286,117.32242
    34.21028,117.32184
    34.21753,117.32000
    34.24474,117.31083
    34.24876,117.30928
    34.25491,117.30814
    34.25597,117.30795
    34.26756,117.30454
    34.27366,117.30275
    34.28853,117.29700
    34.29397,117.29588
    34.30227,117.29524
    34.3115,117.29562
    34.33211,117.29750
    34.39541,117.30326
    34.40075,117.30440
    34.40642,117.30614
    34.41204,117.30888
    34.41551,117.31096
    34.41671,117.31169
    34.43191,117.32530
    34.44144,117.33384
    34.44474,117.33797
    34.44803,117.34318
    34.45094,117.34852
    34.45480,117.35601
    34.45852,117.36288
    34.46178,117.37056
    34.46515,117.38099
    34.47044,117.39733
    34.47352,117.40390
    34.47658,117.40889
    34.48115,117.41389
    34.4864,117.41815
    34.49182,117.42127
    34.49717,117.42412
    34.49902,117.42481
    34.50503,117.42706
    34.50847,117.42815
    34.51466,117.42895
    34.5191,117.42941
    34.52269,117.42952
    34.52841,117.42995
    34.53619,117.43050
    34.5473,117.43121
    34.55503,117.43134
    34.56269,117.43152
    34.56868,117.43166
    34.57157,117.43158
    34.57445,117.43138
    34.57550,117.43129
    34.57911,117.43117
    34.58241,117.43100
    34.58515,117.43094
    34.58701,117.43083
    34.59193,117.43052
    34.59835,117.42960
    34.60171,117.42899
    34.60357,117.4286
    34.60683,117.42775
    34.61135,117.42594
    34.61562,117.42396
    34.61859,117.4223
    34.62156,117.42069
    34.63106,117.41475
    34.63592,117.41159
    34.64361,117.40657
    34.66228,117.39414
    34.66582,117.39146
    34.67428,117.38505
    34.67665,117.38301
    34.67948,117.38101
    34.70276,117.36250
    34.71461,117.35078
    34.74221,117.32350
    34.74912,117.31749
    34.75038,117.31640
    34.75362,117.31444
    34.75679,117.31288
    34.76628,117.30952
    34.77516,117.30659
    34.77786,117.30592
    34.78075,117.30529
    34.78325,117.30475
    34.79164,117.30218
    34.79952,117.30017
    34.80587,117.29820
    34.81030,117.29645
    34.81678,117.29322
    34.82426,117.28921
    34.83093,117.28586
    34.83249,117.28516
    34.83422,117.28438
    34.83713,117.28332
    34.84110,117.28187
    34.84765,117.28036
    34.85796,117.27803
    34.86735,117.27650
    34.87779,117.27547
    34.88108,117.27519
    34.88378,117.27518
    34.8877,117.27539
    34.8909,117.27574
    34.89347,117.27617
    34.89980,117.27779
    34.90334,117.27884
    34.9055,117.27958
    34.90763,117.28054
    34.90958,117.28148
    34.91334,117.28334
    34.91571,117.28461
    34.91592,117.28474
    34.93043,117.29356
    34.93535,117.29650
    34.94037,117.29920
    34.94456,117.30097
    34.94831,117.302
    34.95319,117.30349
    34.96046,117.30590
    34.96441,117.30675
    34.97021,117.30731
    34.97939,117.30718
    34.9891,117.30613
    34.9987,117.30267
    34.99937,117.30237
    35.00420,117.30026
    35.00747,117.29855
    35.01374,117.29559
    35.01725,117.29343
    35.02686,117.28717
    35.04116,117.27801
    35.06758,117.26726
    35.08275,117.26129
    35.09058,117.25821
    35.09370,117.25698
    35.09634,117.25581
    35.09895,117.25466
    35.10632,117.25132
    35.11576,117.24627
    35.12133,117.24381
    35.12571,117.24190
    35.14482,117.2364
    35.15368,117.23306
    35.15688,117.23134
    35.16619,117.22519
    35.17052,117.22233
    35.18588,117.2121
    35.1968,117.20484
    35.21329,117.19407
    35.22187,117.18947
    35.22778,117.18688
    35.22962,117.18633
    35.23142,117.18595
    35.23848,117.18530
    35.24500,117.18435
    35.24968,117.18315
    35.25965,117.18058
    35.26256,117.17946
    35.26731,117.17679
    35.27659,117.17151
    35.29181,117.1619
    35.30108,117.15463
    35.31177,117.14376
    35.32366,117.13098
    35.33319,117.12072
    35.33380,117.12005
    35.35133,117.10157
    35.35564,117.09712
    35.35858,117.09490
    35.36128,117.09332
    35.36628,117.09093
    35.37439,117.08837
    35.38310,117.08670
    35.39824,117.08384
    35.41087,117.08118
    35.41658,117.07968
    35.42044,117.07866
    35.4352,117.07397
    35.44755,117.07019
    35.45216,117.06937
    35.45656,117.06874
    35.46164,117.06851
    35.47475,117.06874
    35.48561,117.06958
    35.49629,117.07157
    35.49997,117.07246
    35.50723,117.07421
    35.51130,117.07465
    35.51546,117.07477
    35.52137,117.07444
    35.52947,117.07337
    35.53999,117.07195
    35.55175,117.07044
    35.55612,117.06978
    35.5656,117.06836
    35.58335,117.06616
    35.58381,117.06611
    35.59508,117.06470
    35.59934,117.06439
    35.60504,117.06393
    35.60598,117.06389
    35.60807,117.06380
    35.61227,117.06363
    35.61954,117.06378
    35.62615,117.06498
    35.64529,117.06934
    35.66674,117.07402
    35.69023,117.07914
    35.70962,117.08227
    35.73832,117.08486
    35.74198,117.08491
    35.75012,117.08458
    35.77480,117.08357
    35.78122,117.08391
    35.78719,117.08462
    35.79606,117.08662
    35.80833,117.09031
    35.82027,117.09565
    35.82856,117.09847
    35.8335,117.09974
    35.8581,117.10604
    35.86193,117.10729
    35.88395,117.11489
    35.88953,117.11675
    35.8934,117.11804
    35.89789,117.11938
    35.90635,117.12118
    35.91465,117.12183
    35.91685,117.12174
    35.93444,117.12108
    35.94007,117.12035
    35.94708,117.11901
    35.9632,117.11468
    35.9872,117.11075
    35.98844,117.11054
    36.00021,117.10905
    36.00727,117.10815
    36.01816,117.10635
    36.04002,117.10209
    36.05262,117.10042
    36.06325,117.09895
    36.06985,117.09750
    36.07277,117.09647
    36.08356,117.09161
    36.08388,117.09147
    36.09511,117.08628
    36.11043,117.07794
    36.12117,117.07178
    36.12485,117.06937
    36.13755,117.06118
    36.13792,117.06096
    36.1437,117.05697
    36.14784,117.05329
    36.15130,117.04958
    36.1529,117.04809
    36.15395,117.04711
    36.15418,117.04694
    36.15964,117.04280
    36.16682,117.03765
    36.16719,117.03738
    36.17139,117.03455
    36.1719,117.03422
    36.18325,117.02701
    36.19003,117.02312
    36.19084,117.02266
    36.19259,117.02146
    36.19408,117.02019
    36.19905,117.01565
    36.20354,117.0117
    36.21036,117.0061
    36.21081,117.00580
    36.215,117.00297
    36.21999,117.00024
    36.22489,116.99821
    36.22827,116.99727
    36.23206,116.99641
    36.24261,116.99385
    36.24614,116.99289
    36.24949,116.99171
    36.25004,116.99152
    36.25372,116.99025
    36.25559,116.98947
    36.25773,116.98838
    36.26092,116.98626
    36.26669,116.98153
    36.27182,116.97760
    36.2761,116.97421
    36.27892,116.97171
    36.28428,116.96665
    36.29704,116.95542
    36.30698,116.94576
    36.31107,116.94182
    36.31684,116.93721
    36.32053,116.93474
    36.32429,116.93247
    36.32869,116.93038
    36.33297,116.92880
    36.33327,116.92872
    36.33633,116.92788
    36.34313,116.92624
    36.34515,116.92571
    36.35588,116.92380
    36.35918,116.92320
    36.36437,116.92252
    36.36765,116.92239
    36.37572,116.92257
    36.38127,116.92274
    36.38991,116.92291
    36.3932,116.92336
    36.39574,116.92292
    36.39740,116.92278
    36.3997,116.92305
    36.40195,116.92340
    36.40546,116.924
    36.40678,116.92398
    36.40818,116.92382
    36.41424,116.92266
    36.41663,116.92222
    36.41894,116.92178
    36.42326,116.92103
    36.42883,116.92008
    36.43071,116.91977
    36.43323,116.91938
    36.43487,116.91909
    36.43711,116.91870
    36.44020,116.91818
    36.44184,116.91791
    36.44305,116.91769
    36.44419,116.9175
    36.44493,116.91725
    36.44556,116.91695
    36.44634,116.91644
    36.44696,116.91598
    36.44796,116.91505
    36.44842,116.91455
    36.44875,116.91420
    36.4491,116.91384
    36.4498,116.91317
    36.45042,116.91257
    36.45163,116.91143
    36.4525,116.91051
    36.45336,116.90968
    36.45435,116.90859
    36.45803,116.90489
    36.45881,116.90410
    36.45936,116.90347
    36.46001,116.90255
    36.46160,116.90028
    36.46231,116.89938
    36.46296,116.89880
    36.46376,116.89821
    36.46445,116.89785
    36.46517,116.89757
    36.46613,116.89730
    36.46737,116.89701
    36.46857,116.89677
    36.47054,116.89631
    36.47268,116.89581
    36.47397,116.89514
    36.47587,116.89390
    36.47699,116.89309
    36.47848,116.89211
    36.47975,116.89124
    36.48106,116.89035
    36.48185,116.88966
    36.48249,116.88902
    36.48321,116.88818
    36.48422,116.88700
    36.48832,116.88192
    36.48896,116.88099
    36.48918,116.88055
    36.49119,116.87656
    36.49236,116.87431
    36.49287,116.87304
    36.49423,116.86645
    36.49526,116.86127
    36.49552,116.85975
    36.49586,116.85852
    36.49633,116.85742
    36.49683,116.85658
    36.49729,116.85594
    36.49791,116.85513
    36.49857,116.85455
    36.49925,116.85407
    36.4998,116.85372
    36.50004,116.85362
    36.50064,116.85337
    36.50178,116.85309
    36.50332,116.85305
    36.50582,116.85313
    36.50727,116.85317
    36.50838,116.85321
    36.50938,116.85321
    36.51028,116.85304
    36.51128,116.85276
    36.51226,116.85233
    36.51286,116.85198
    36.51337,116.85162
    36.51616,116.84949
    36.51710,116.84886
    36.51805,116.84850
    36.51866,116.84834
    36.51926,116.84825
    36.5199,116.84823
    36.52053,116.84830
    36.52186,116.84865
    36.52374,116.84916
    36.52512,116.84931
    36.52662,116.84924
    36.53099,116.84911
    36.53232,116.84924
    36.53369,116.84964
    36.53539,116.85067
    36.5369,116.85186
    36.53902,116.85336
    36.54077,116.85463
    36.54202,116.85522
    36.54306,116.85553
    36.54486,116.85573
    36.5467,116.85573
    36.54826,116.85569
    36.55172,116.85548
    36.55273,116.85545
    36.55352,116.85549
    36.55438,116.85558
    36.55513,116.85583
    36.55583,116.85614
    36.55673,116.85672
    36.55769,116.85761
    36.55844,116.8585
    36.55902,116.85926
    36.55976,116.86022
    36.56023,116.86095
    36.56461,116.86826
    36.56538,116.86952
    36.56604,116.87084
    36.56653,116.87208
    36.56688,116.87343
    36.56706,116.87515
    36.56672,116.88055
    36.56641,116.88561
    36.56622,116.8893
    36.56649,116.89057
    36.56704,116.89209
    36.56764,116.89326
    36.56839,116.89437
    36.56999,116.89581
    36.57304,116.89577
    36.57351,116.89572
    36.57729,116.89535
    36.58171,116.89449
    36.58337,116.89407
    36.58675,116.89320
    36.5919,116.89183
    36.59668,116.89068
    36.60018,116.89002
    36.60327,116.88973
    36.6062,116.88958
    36.60731,116.88960
    36.60934,116.88963
    36.63447,116.89101
    36.64718,116.89166
    36.65354,116.89163
    36.66072,116.89155
    36.66811,116.89142
    36.66903,116.89144
    36.67178,116.89148
    36.68296,116.89131
    36.69127,116.89125
    36.69346,116.89124
    36.69648,116.89123
    36.70105,116.89116
    36.70552,116.89114
    36.70984,116.89108
    36.71568,116.89101
    36.72184,116.89097
    36.72456,116.89090
    36.72695,116.89078
    36.72992,116.8905
    36.73378,116.88981
    36.73999,116.88835
    36.74709,116.88651
    36.75236,116.88526
    36.75544,116.88464
    36.76185,116.88374
    36.76679,116.88292
    36.77208,116.88230
    36.77885,116.88144
    36.78276,116.88097
    36.78533,116.88065
    36.79351,116.87962
    36.80045,116.87874
    36.80203,116.8785
    36.80605,116.87764
    36.81016,116.87659
    36.81437,116.87511
    36.81647,116.87428
    36.81890,116.87318
    36.82212,116.87146
    36.82488,116.86992
    36.82653,116.86885
    36.83036,116.86616
    36.83479,116.86262
    36.83859,116.85932
    36.85511,116.84511
    36.87181,116.83087
    36.87346,116.82943
    36.87979,116.82402
    36.88618,116.81851
    36.89512,116.81098
    36.89714,116.80934
    36.89958,116.80761
    36.90336,116.80516
    36.92890,116.78535
    36.96786,116.74793
    36.99316,116.73085
    37.00255,116.72158
    37.0116,116.71240
    37.09852,116.647
    37.12447,116.63747
    37.14814,116.62580
    37.17406,116.61077
    37.19943,116.59575
    37.22425,116.57490
    37.25076,116.55224
    37.26135,116.54469
    37.26995,116.53464
    37.27972,116.52366
    37.29488,116.51113
    37.31468,116.49945
    37.31966,116.4955
    37.32471,116.49190
    37.33058,116.48718
    37.3386,116.48147
    37.34454,116.47911
    37.35706,116.47327
    37.36866,116.46907
    37.37595,116.46671
    37.38509,116.46478
    37.39764,116.46280
    37.40542,116.46205
    37.40925,116.46147
    37.41001,116.46137
    37.41237,116.46104
    37.43037,116.4586
    37.45244,116.45456
    37.45721,116.45465
    37.47847,116.45963
    37.48187,116.4604
    37.51722,116.46830
    37.53954,116.47070
    37.56077,116.47636
    37.5839,116.48289
    37.60934,116.49138
    37.62654,116.49199
    37.63381,116.49284
    37.65066,116.49842
    37.66745,116.50297
    37.68355,116.50666
    37.69088,116.51147
    37.71180,116.52288
    37.73128,116.52941
    37.764,116.54400
    37.81433,116.56623
    37.86842,116.58194
    37.89037,116.59163
    37.92904,116.60597
    37.9448,116.61215
    37.96477,116.62588
    37.99515,116.65335
    38.02659,116.66682
    38.05911,116.67695
    38.09032,116.6894
    38.11498,116.70176
    38.13998,116.71181
    38.14401,116.71343
    38.19779,116.71823
    38.22598,116.73360
    38.25217,116.74287
    38.26932,116.75257
    38.29102,116.76167
    38.30754,116.76761
    38.33586,116.77780
    38.37190,116.79425
    38.3885,116.80183
    38.41917,116.81866
    38.44727,116.82552
    38.46233,116.83325
    38.47483,116.84389
    38.49028,116.86157
    38.5071,116.88376
    38.51236,116.88076
    38.51598,116.87871
    38.5214,116.87526
    38.53808,116.8636
    38.55477,116.85193
    38.56803,116.84269
    38.57067,116.84137
    38.57766,116.8392
    38.58393,116.83726
    38.58549,116.83687
    38.58677,116.83665
    38.58807,116.83658
    38.58959,116.83666
    38.59158,116.83711
    38.59370,116.83784
    38.59584,116.83883
    38.59748,116.84009
    38.59991,116.84233
    38.6021,116.84449
    38.60335,116.84573
    38.60785,116.84952
    38.61228,116.85309
    38.61752,116.85766
    38.63362,116.87159
    38.64259,116.88078
    38.64646,116.88474
    38.65594,116.89436
    38.65703,116.89554
    38.66076,116.89927
    38.66721,116.90568
    38.67702,116.91575
    38.67988,116.9179
    38.68296,116.91962
    38.6869,116.92145
    38.69204,116.92348
    38.70919,116.93025
    38.71222,116.93159
    38.71692,116.93343
    38.71849,116.93391
    38.71980,116.93485
    38.72039,116.93541
    38.72081,116.93594
    38.72124,116.93685
    38.72171,116.93863
    38.72301,116.95460
    38.72465,116.97511
    38.76038,116.98071
    38.77711,116.98319
    38.82541,116.98843
    38.83478,116.98971
    38.83689,116.99018
    38.83803,116.99045
    38.83915,116.99078
    38.84188,116.99158
    38.8451,116.99270
    38.84628,116.99314
    38.84861,116.99414
    38.85213,116.99576
    38.8569,116.99795
    38.86747,117.00275
    38.87596,117.00664
    38.88716,117.01175
    38.8888,117.01245
    38.8911,117.01332
    38.8935,117.01410
    38.89651,117.01492
    38.89871,117.01547
    38.90626,117.01724
    38.94302,117.02591
    38.9468,117.02683
    38.95049,117.02768
    38.95491,117.02872
    38.95944,117.02978
    38.97121,117.03256
    38.97629,117.03377
    38.9819,117.03512
    38.98417,117.03575
    38.9872,117.03671
    38.98923,117.03743
    38.99238,117.03868
    38.99376,117.03926
    39.01352,117.04877
    39.02155,117.05259
    39.02377,117.05365
    39.02566,117.05452
    39.0272,117.05518
    39.02820,117.05558
    39.03077,117.05654
    39.03274,117.05716
    39.03513,117.05780
    39.03628,117.05808
    39.03735,117.05833
    39.03887,117.05864
    39.04100,117.05899
    39.04282,117.05926
    39.05717,117.06122
    39.05966,117.06156
    39.06181,117.06184
    39.07315,117.06337
    39.07558,117.06360
    39.07758,117.06374
    39.093,117.06409
    39.10356,117.0643
    39.13003,117.06469
    39.13392,117.06448
    39.14857,117.06224
    39.15127,117.06178
    39.16175,117.06001
    39.18660,117.05452
    39.20991,117.04911
    39.22776,117.04512
    39.23953,117.04242
    39.24422,117.04147
    39.2494,117.04010
    39.25209,117.03924
    39.25465,117.03817
    39.25761,117.03671
    39.26203,117.03431
    39.26542,117.03195
    39.26764,117.03020
    39.26957,117.02868
    39.27273,117.02577
    39.27758,117.02057
    39.28167,117.01525
    39.28775,117.00723
    39.29871,116.99281
    39.31172,116.97616
    39.33032,116.95427
    39.33609,116.94749
    39.3416,116.94217
    39.34718,116.93762
    39.36045,116.92715
    39.36675,116.92148
    39.37166,116.91633
    39.37644,116.90886
    39.38513,116.89633
    39.38984,116.88887
    39.3982,116.87633
    39.41212,116.85556
    39.4179,116.84878
    39.42270,116.84432
    39.42578,116.84166
    39.43129,116.83711
    39.43845,116.83024
    39.44309,116.82484
    39.44872,116.81754
    39.45848,116.80390
    39.46194,116.79785
    39.46786,116.78649
    39.46978,116.78287
    39.47562,116.77343
    39.48006,116.76602
    39.48315,116.76039
    39.48547,116.75603
    39.48995,116.74759
    39.49336,116.74118
    39.49601,116.73617
    39.49762,116.73307
    39.49868,116.73102
    39.49974,116.72885
    39.50427,116.72012
    39.50983,116.70987
    39.51056,116.70861
    39.51234,116.70551
    39.51379,116.70298
    39.51584,116.69963
    39.5178,116.69637
    39.5195,116.69380
    39.52125,116.69121
    39.52269,116.68898
    39.52336,116.68786
    39.52592,116.68349
    39.52721,116.68136
    39.53080,116.67561
    39.53482,116.66849
    39.53633,116.66577
    39.55567,116.63077
    39.55722,116.62799
    39.55943,116.62387
    39.56489,116.61347
    39.5683,116.60696
    39.57,116.60298
    39.57329,116.59526
    39.57468,116.59207
    39.57711,116.58666
    39.57913,116.58239
    39.58227,116.57585
    39.58435,116.57158
    39.58895,116.56239
    39.59078,116.55883
    39.59158,116.55711
    39.59224,116.55552
    39.59632,116.54410
    39.59967,116.53463
    39.60010,116.53331
    39.60093,116.53056
    39.60160,116.52819
    39.60515,116.51377
    39.60554,116.51246
    39.60605,116.51113
    39.60664,116.50968
    39.60727,116.50823
    39.60813,116.50597
    39.60815,116.50591
    39.61008,116.50135
    39.61063,116.50004
    39.61122,116.49877
    39.61247,116.49666
    39.61303,116.49578
    39.61449,116.49361
    39.61604,116.49134
    39.61764,116.48883
    39.63052,116.46856
    39.63374,116.46360
    39.63511,116.46126
    39.64031,116.45244
    39.64119,116.45105
    39.64246,116.44933
    39.65254,116.43607
    39.65302,116.43540
    39.65365,116.43441
    39.65412,116.43368
    39.65467,116.43265
    39.65923,116.42347
    39.66219,116.41649
    39.66292,116.41485
    39.66589,116.40880
    39.66736,116.40581
    39.66804,116.40438
    39.67397,116.39260
    39.67765,116.38476
    39.67821,116.38368
    39.67874,116.38279
    39.67938,116.38178
    39.67979,116.38119
    39.68029,116.38052
    39.68088,116.37976
    39.68473,116.37508
    39.68523,116.37447
    39.68702,116.37211
    39.68775,116.37109
    39.68837,116.37026
    39.68940,116.36888
    39.69555,116.36002
    39.69954,116.35450
    39.70576,116.34741
    39.70741,116.34546
    39.71221,116.34024
    39.71667,116.33517
    39.71822,116.33358
    39.72067,116.33080
    39.72098,116.33045
    39.72396,116.32698
    39.72551,116.32532
    39.72625,116.32453
    39.72982,116.32070
    39.73127,116.31886
    39.73231,116.31766
    39.73925,116.31003
    39.74351,116.30514
    39.74447,116.30434
    39.74554,116.30375
    39.74664,116.30332
    39.74757,116.30315
    39.74837,116.30310
    39.74915,116.30312
    39.74971,116.30318
    39.75018,116.30327
    39.75067,116.30339
    39.75124,116.30358
    39.75304,116.30426
    39.75312,116.30430
    39.75336,116.30440
    39.75461,116.30491
    39.75576,116.30538
    39.75651,116.30566
    39.7567,116.30574
    39.75681,116.30578
    39.75841,116.30643
    39.75981,116.30698
    39.76138,116.30758
    39.76308,116.30831
    39.76352,116.30848
    39.76372,116.30855
    39.7663,116.30958
    39.76651,116.30966
    39.76765,116.31012
    39.76919,116.31072
    39.7693,116.31077
    39.77486,116.31293
    39.78101,116.31540
    39.7813,116.31551
    39.78706,116.31791
    39.7871,116.31793
    39.78896,116.31861
    39.78907,116.31865
    39.79037,116.31917
    39.79293,116.32016
    39.79319,116.32025
    39.79442,116.32074
    39.79450,116.32078
    39.79535,116.32113
    39.79680,116.3217
    39.79866,116.32244
    39.79911,116.32262
    39.79947,116.32277
    39.80019,116.32305
    39.80311,116.32413
    39.80508,116.32477
    39.80734,116.32552
    39.80738,116.32553
    39.80746,116.32556
    39.81087,116.32671
    39.81105,116.32676
    39.81147,116.32690
    39.81151,116.32691
    39.81204,116.32710
    39.81362,116.32765
    39.81373,116.32769
    39.81554,116.32822
    39.81662,116.32859
    39.8171,116.32875
    39.81716,116.32877
    39.8183,116.32916
    39.81874,116.32931
    39.81958,116.32960
    39.81964,116.32962
    39.82013,116.32978
    39.82067,116.32995
    39.82076,116.32998
    39.82085,116.33001
    39.82174,116.33031
    39.82179,116.33032
    39.82387,116.331
    39.82412,116.33109
    39.8243,116.33114
    39.82661,116.33192
    39.82671,116.33195
    39.82869,116.33262
    39.82877,116.33264
    39.83028,116.33314
    39.83102,116.33340
    39.83131,116.33350
    39.83246,116.33398
    39.83252,116.33401
    39.83464,116.33503
    39.83518,116.33529
    39.83524,116.33533
    39.83872,116.33697
    39.83877,116.337
    39.84049,116.33784
    39.84069,116.33794
    39.84103,116.33810
    39.84354,116.33931
    39.84358,116.33932
    39.84564,116.34029
    39.84577,116.34035
    39.84621,116.34056
    39.84677,116.34084
    39.84747,116.34117
    39.84825,116.34154
    39.84867,116.34172
    39.84917,116.34195
    39.84985,116.34227
    39.85033,116.34249
    39.8509,116.34277
    39.85144,116.343
    39.85180,116.34315
    39.85216,116.34329
    39.85257,116.3434
    39.85301,116.34351
    39.85331,116.34356
    39.85367,116.34360
    39.85403,116.34364
    39.85439,116.34364
    39.85443,116.34364
    39.85443,116.34370
    39.85425,116.34581
    39.85419,116.34661
    39.85417,116.34701
    39.85416,116.34723
    39.85403,116.34856
    39.85393,116.35001
    39.85387,116.35130
    39.85389,116.35224
    39.85397,116.35306
    39.85413,116.35405
    39.85432,116.35517
    39.85449,116.35619
    39.85512,116.35953
    39.856,116.36462
    39.85610,116.36512
    39.85651,116.36742
    39.85667,116.36820
    39.85683,116.36907
    39.85696,116.36972
    39.85716,116.3704
    39.85747,116.37120
    39.85767,116.37153
    39.85788,116.37186
    39.85815,116.37223
    39.85849,116.37271
    39.85902,116.37333
    39.86175,116.37559
    39.86217,116.37593
    39.86270,116.37643
    39.86341,116.37718
    39.86367,116.37746
    39.86508,116.37892

// 13:48 14:00 北京南站
    39.86508,116.37892
    39.86592,116.37952
    39.86596,116.37944
    39.86614,116.37910
    39.86622,116.37909
    39.86628,116.37909
    39.86633,116.37910
    39.86689,116.37934
    39.86689,116.37945
    39.86691,116.37966
    39.86691,116.3799
    39.8669,116.38004
    39.866910,116.3799
    39.866910,116.37966
    39.866890,116.37945
    39.866890,116.37934
    39.866330,116.37910
    39.86628,116.37909
    39.866220,116.37909
    39.86614,116.37910
    39.866310,116.37867
    39.86634,116.37858
    39.86636,116.37851
    39.86638,116.37838
    39.86638,116.37832
    39.86638,116.37826
    39.86637,116.37819
    39.86636,116.3781
    39.86632,116.37799
    39.866290,116.37793
    39.86623,116.37781
    39.86516,116.37891

// 14:00 14:40 北京南站-中关村站
    39.86516,116.37891
    39.865320,116.37893
    39.86549,116.37889
    39.86572,116.37877
    39.86596,116.37857
    39.866290,116.37793
    39.866690,116.37717
    39.867140,116.37664
    39.86719,116.37659
    39.86784,116.37595
    39.868880,116.37512
    39.87017,116.37437
    39.87351,116.37434
    39.87859,116.37439
    39.880160,116.37441
    39.887800,116.37442
    39.88931,116.37443
    39.89466,116.37449
    39.89972,116.37428
    39.902210,116.37418
    39.90702,116.37425
    39.90742,116.37426
    39.907720,116.37423
    39.91527,116.37377
    39.916090,116.37374
    39.916650,116.37372
    39.91805,116.37366
    39.92347,116.37343
    39.924220,116.3734
    39.9266,116.37329
    39.931340,116.37312
    39.932660,116.37306
    39.93379,116.37301
    39.93826,116.37282
    39.94051,116.37270
    39.940580,116.37266
    39.940630,116.37261
    39.940650,116.37250
    39.94061,116.36855
    39.9406,116.36767
    39.940560,116.36377
    39.94053,116.36172
    39.940490,116.35914
    39.94053,116.35731
    39.94052,116.35632
    39.94048,116.35542
    39.94044,116.35449
    39.94028,116.35271
    39.939980,116.35051
    39.939780,116.34927
    39.939620,116.34850
    39.93948,116.34798
    39.93896,116.34645
    39.9388,116.34586
    39.93869,116.34536
    39.938610,116.3448
    39.938550,116.34419
    39.9384,116.34117
    39.93836,116.34053
    39.938190,116.33698
    39.93815,116.33505
    39.93816,116.33427
    39.93831,116.33223
    39.93856,116.32889
    39.9388,116.32580
    39.9388,116.32574
    39.93882,116.32568
    39.93885,116.32566
    39.938880,116.32565
    39.940810,116.32545
    39.9418,116.32536
    39.94321,116.32515
    39.94409,116.32502
    39.947630,116.32452
    39.948570,116.32441
    39.94921,116.32434
    39.955740,116.32342
    39.95669,116.32325
    39.9581,116.32307
    39.959810,116.32286
    39.962630,116.32254
    39.96322,116.32245
    39.963930,116.32232
    39.96482,116.32204
    39.96692,116.32122
    39.969710,116.32013
    39.974000,116.31836
    39.976000,116.31753
    39.977920,116.31698
    39.97862,116.31684
    39.97961,116.31666
    39.98391,116.31649

// 14:40 17:00 中关村 北大清华
    39.98391,116.31649
    39.983910,116.316566
    39.984299,116.316498
    39.985062,116.316101
    39.985039,116.315842
    39.985130,116.313629
    39.985008,116.309288
    39.982491,116.309433
    39.982430,116.311012
    39.980221,116.311012
    39.980415,116.312141
    39.980721,116.312637
    39.980202,116.313278
    39.979771,116.314491
    39.979431,116.315117
    39.980129,116.315712
    39.980728,116.316452
    39.983238,116.316353
    39.990028,116.315819
    39.990421,116.312523
    39.992889,116.312347
    39.993061,116.312057
    39.993820,116.311577
    39.994068,116.311478
    39.993839,116.311096
    39.994049,116.310387
    39.993832,116.309601
    39.993881,116.308891
    39.994801,116.307510
    39.995129,116.308609
    39.995129,116.309113
    39.995480,116.309151
    39.995602,116.310478
    39.995831,116.310966
    39.995499,116.311333
    39.994678,116.311493
    39.994209,116.311501
    39.993610,116.311684
    39.992870,116.309792
    39.992569,116.309723
    39.992458,116.308983
    39.990978,116.309113
    39.990891,116.309540
    39.990608,116.309540
    39.990421,116.309891
    39.989540,116.310020
    39.989368,116.310310
    39.989441,116.311317
    39.986408,116.311539
    39.986549,116.315628
    39.986469,116.315964
    39.985199,116.316101
    39.985710,116.333412
    39.995281,116.332832
    39.995682,116.332947
    39.997688,116.332832
    39.997978,116.332291
    39.999649,116.332207
    39.999989,116.332840
    40.000061,116.334122
    40.000259,116.335251
    40.001339,116.335220
    40.001381,116.334381
    40.001190,116.334259
    40.001160,116.333237
    40.002651,116.333221
    40.002548,116.330627
    40.001049,116.330620
    40.000961,116.325249
    40.000858,116.324043
    40.000420,116.323097
    40.000000,116.321869
    40.002640,116.321419
    40.002701,116.319710
    40.002419,116.318733
    40.001678,116.318527
    40.000710,116.318550
    40.000629,116.319077
    40.000858,116.320000
    40.000240,116.320099
    39.999939,116.319992
    39.999771,116.316147
    39.999931,116.315109

// 17:00 18:20 清华西门-金台夕照
    39.999710,116.315155
    39.999908,116.315163
    39.999908,116.315163
    39.999908,116.314957
    39.999908,116.314957
    39.999905,116.314980
    39.999905,116.314980
    39.998264,116.315025
    39.992104,116.315697
    39.985237,116.316261
    39.985237,116.316261
    39.979843,116.316711
    39.978848,116.316635
    39.978504,116.316689
    39.975952,116.317459
    39.972507,116.318924
    39.966709,116.321228
    39.966709,116.321228
    39.966827,116.321785
    39.966911,116.322594
    39.967033,116.325867
    39.967033,116.325867
    39.967201,116.326530
    39.967495,116.335228
    39.967636,116.349266
    39.967682,116.357048
    39.967648,116.358582
    39.967648,116.358582
    39.967697,116.366669
    39.967812,116.368797
    39.967949,116.372986
    39.968304,116.388618
    39.968658,116.401505
    39.968937,116.410011
    39.968937,116.410011
    39.969120,116.418480
    39.969551,116.433899
    39.969528,116.434998
    39.969475,116.435486
    39.969349,116.436119
    39.969044,116.437042
    39.968494,116.438072
    39.962509,116.447250
    39.957081,116.455391
    39.957081,116.455391
    39.954468,116.459351
    39.953869,116.460197
    39.953163,116.460899
    39.952759,116.461189
    39.952473,116.461334
    39.951748,116.461594
    39.951309,116.461655
    39.950195,116.461678
    39.937473,116.461647
    39.934628,116.461685
    39.930355,116.461609
    39.930355,116.461609
    39.929527,116.461403
    39.919365,116.461349
    39.919365,116.461349
    39.918011,116.461349
    39.916267,116.461433
    39.915890,116.461456

// 18:20 19:15 金台夕照-琼岛春荫 
    39.915890,116.461456
    39.915798,116.461464
    39.913574,116.461555
    39.913574,116.461555
    39.913494,116.457664
    39.913460,116.450371
    39.913460,116.450371
    39.918697,116.450409
    39.922890,116.450378
    39.922890,116.450378
    39.922951,116.450272
    39.923016,116.449677
    39.923428,116.445084
    39.923557,116.444283
    39.924015,116.442177
    39.924213,116.440781
    39.924541,116.437202
    39.924580,116.435493
    39.924652,116.435104
    39.924652,116.435104
    39.924767,116.434891
    39.924786,116.434547
    39.924744,116.434151
    39.924538,116.433784
    39.924515,116.433617
    39.924397,116.417503
    39.924397,116.417503
    39.924362,116.410759
    39.924362,116.410759
    39.924419,116.409477
    39.924267,116.403923
    39.924191,116.403671
    39.923656,116.402924
    39.923531,116.402527
    39.923531,116.402527
    39.923195,116.393776
    39.923195,116.393776
    39.925640,116.393669
    39.925640,116.393669
    39.925648,116.392921
    39.925781,116.392540
    39.925789,116.391693
    39.925873,116.391289
    39.925869,116.390991

// 19:15 20:30 琼岛春荫
    39.925869,116.390991
    39.925869,116.390846
    39.925831,116.390327
    39.925949,116.390343
    39.926571,116.390083
    39.926498,116.389778
    39.926392,116.389832
    39.926449,116.389908
    39.926361,116.389870
    39.926392,116.389923
    39.926460,116.389618
    39.926392,116.389420
    39.926208,116.389290
    39.925991,116.389259
    39.925911,116.389183
    39.925720,116.389168
    39.925701,116.389259
    39.925442,116.389214
    39.924541,116.389236
    39.924549,116.389076
    39.924240,116.389000
    39.924171,116.389282
    39.923950,116.389259
    39.923512,116.389091
    39.923340,116.389503
    39.923050,116.389709
    39.923050,116.390129
    39.923779,116.391037
    39.924000,116.391190
    39.924389,116.391273
    39.925060,116.391273
    39.925770,116.390892
    39.926350,116.390862
    39.927238,116.391441
    39.928131,116.391876
    39.928860,116.391533
    39.929401,116.391930
    39.929440,116.391479
    39.929409,116.391129
    39.928371,116.390091
    39.926392,116.387352
    39.924030,116.387756
    39.923180,116.388229
    39.923019,116.387192
    39.924648,116.386902
    39.925999,116.385620
    39.928761,116.385368
    39.927330,116.386642
    39.929661,116.385986
    39.929340,116.388786
    39.931221,116.389740
    39.931789,116.389023
    39.931461,116.388748
    39.931839,116.388199
    39.931969,116.387428
    39.932140,116.387833
    39.932079,116.387482
    39.932152,116.387657
    39.932152,116.387383
    39.932362,116.387543
    39.932541,116.388344
    39.932259,116.388000
    39.932098,116.388298
    39.932270,116.389282
    39.932560,116.389717
    39.933060,116.391220
    39.933159,116.391930
    39.933399,116.392113
    39.933411,116.392906
    39.933521,116.392929
    39.933521,116.392174
    39.935928,116.390862
    39.936169,116.390900
    39.936371,116.390923
    39.936478,116.390770
    39.936871,116.391777
    39.937416,116.393616
    39.937866,116.394043
    39.938229,116.393990
    39.938648,116.393753
    39.938953,116.393356
    39.939125,116.393517
    39.938854,116.393967
    39.938698,116.394440
    39.938400,116.394753
    39.937778,116.395027
    39.936913,116.395058
    39.936501,116.395210
    39.936066,116.395103
    39.935127,116.393105
    39.934841,116.392853
    39.934063,116.392746
    39.933834,116.392738
    39.933620,116.392639
    39.933559,116.392860
    39.933414,116.392982

// 20:30 20:45 琼岛春荫-太液秋风 
    39.933414,116.392982
    39.933395,116.393044
    39.933399,116.393715
    39.932896,116.393738
    39.932606,116.393654
    39.932236,116.393661
    39.932232,116.393036
    39.931820,116.393074
    39.931789,116.393120
    39.931591,116.393120
    39.931568,116.392899
    39.930515,116.392944
    39.930073,116.393013
    39.930077,116.393471
    39.930172,116.393501
    39.930161,116.393761
    39.929478,116.393768
    39.929230,116.393806
    39.929058,116.393738
    39.929016,116.393387
    39.928696,116.393372
    39.928528,116.393478
    39.928337,116.393738
    39.928291,116.393616
    39.928177,116.393578
    39.923199,116.393776
    39.923141,116.391953
    39.923080,116.391678
    39.923027,116.391418
    39.922489,116.391029
    39.922012,116.391029
    39.914806,116.391373
    39.914764,116.390305

// 20:45 21:45 太液秋风 GPS +offset 0.001405,0.006244
    39.913359,116.384061
    39.913349,116.383347
    39.913357,116.383095
    39.913940,116.383018
    39.914261,116.382927
    39.915035,116.383125
    39.916130,116.383186
    39.916294,116.383461
    39.916592,116.383545
    39.916573,116.383095
    39.916668,116.382843
    39.916759,116.382286
    39.916882,116.382065
    39.917213,116.382126
    39.917595,116.382149
    39.917557,116.381798
    39.917568,116.381699
    39.917641,116.383728
    39.913815,116.383118
    39.913303,116.383163
    39.913467,116.383705
    39.913628,116.383652
    39.913624,116.383385
    39.913738,116.383705
    39.913944,116.383713
    39.914051,116.383652
    39.914139,116.383636
    39.914127,116.383720
    39.914185,116.383705
    39.914219,116.384369
    39.914314,116.384354
    39.914196,116.384323
    39.914169,116.384331
    39.914192,116.384346
    39.914165,116.384377
    39.914116,116.384377
    39.914143,116.384689
    39.914158,116.384834
    39.914188,116.384880
    39.914188,116.385056
    39.913315,116.385254
    39.913322,116.385956
    39.913555,116.385796
    39.913559,116.386200
    39.913345,116.386093
    39.913265,116.386360
    39.913185,116.386459
    39.913063,116.386459
    39.912941,116.386314
    39.912590,116.386353
    39.912479,116.386467
    39.912182,116.386520
    39.912151,116.386589
    39.912067,116.386703
    39.912113,116.387756
    39.912071,116.387794
    39.912159,116.389893
    39.911968,116.389900
    39.911938,116.390129
    39.911884,116.390083
    39.911488,116.390030
    39.911293,116.390236
    39.911346,116.391647

// 21:45 22:00 太液秋风-天安门
    39.912751,116.397891
    39.912762,116.397842
    39.912682,116.397270
    39.907959,116.397530
    39.907906,116.395164
    39.906914,116.395203
    39.906864,116.395966

// 22:00 23:04 天安门
    39.906864,116.395966
    39.906811,116.396034
    39.903664,116.396187
    39.900784,116.397873
    39.903736,116.399254
    39.906918,116.399063
    39.906901,116.399065

// 23:04 00:00 天安门
    39.906901,116.399065
