// 06:00 06:30 天安门
	39.906901,116.399065

// 06:30 07:00 天安门-卢沟晓月
	39.906901,116.399065
    39.906857,116.399376
    39.907776,116.399345
    39.907776,116.399345
    39.907280,116.383095
    39.907314,116.380539
    39.907303,116.376305
    39.907261,116.374168
    39.907261,116.374168
    39.907326,116.363037
    39.907284,116.355499
    39.907284,116.355499
    39.907364,116.342728
    39.907532,116.341698
    39.907532,116.339371
    39.907604,116.335289
    39.907581,116.331253
    39.907463,116.330101
    39.907490,116.328888
    39.907490,116.328888
    39.907562,116.308456
    39.907562,116.308456
    39.907612,116.308258
    39.907726,116.308060
    39.907959,116.307915
    39.908173,116.307945
    39.908356,116.308090
    39.908455,116.308235
    39.908562,116.308533
    39.908592,116.308861
    39.908596,116.309875
    39.908524,116.310051
    39.908363,116.310135
    39.907894,116.310188
    39.886650,116.310272
    39.886650,116.310272
    39.886169,116.310066
    39.885368,116.309547
    39.885235,116.309509
    39.884567,116.309540
    39.884247,116.309357
    39.882320,116.304970
    39.881897,116.303902
    39.881378,116.302414
    39.880726,116.299942
    39.877846,116.285088
    39.877422,116.283363
    39.876717,116.281181
    39.875961,116.279366
    39.869106,116.265289
    39.868160,116.263313
    39.867249,116.261269
    39.860138,116.243454
    39.858917,116.240883
    39.858917,116.240883
    39.858685,116.240341
    39.858078,116.239426
    39.856407,116.238121
    39.856407,116.238121
    39.852821,116.237152
    39.852371,116.236893
    39.852009,116.236549
    39.851517,116.235718
    39.850250,116.233200
    39.847500,116.228233
    39.847500,116.228233
    39.847549,116.227913
    39.847324,116.226395
    39.847721,116.224831
    39.848156,116.223450
    39.848335,116.223022
    39.848488,116.222847
    39.849297,116.222305
    39.849297,116.222305
    39.849697,116.222153
    39.850677,116.221916
    39.850677,116.221916
    39.850487,116.220520

// 07:00 07:45 卢沟晓月
    39.850487,116.220520
    39.850479,116.220467
    39.850052,116.217461
    39.850090,116.217461
    39.850060,116.217598
    39.850471,116.220451
    39.850540,116.220535
    39.850517,116.220482
    39.850510,116.220535
    39.850494,116.220505
    39.850502,116.220474
    39.850540,116.220497

// 07:45 08:45 卢沟晓月-玉泉趵突
    39.850540,116.220497
    39.850487,116.220520
    39.850677,116.221916
    39.850677,116.221916
    39.851578,116.221687
    39.852028,116.221672
    39.852821,116.221909
    39.853588,116.222244
    39.853588,116.222244
    39.854027,116.222214
    39.856163,116.221390
    39.856163,116.221390
    39.856251,116.221161
    39.856281,116.220703
    39.856384,116.220528
    39.857452,116.220131
    39.857723,116.219894
    39.858501,116.219475
    39.859226,116.218987
    39.869438,116.211220
    39.871319,116.209976
    39.871960,116.209618
    39.873161,116.209038
    39.874054,116.208694
    39.875168,116.208351
    39.876900,116.208015
    39.878403,116.207924
    39.879154,116.207939
    39.880447,116.208076
    39.882374,116.208496
    39.883163,116.208763
    39.884575,116.209328
    39.887249,116.210564
    39.888172,116.210938
    39.888859,116.211151
    39.889820,116.211349
    39.891064,116.211464
    39.892178,116.211433
    39.894203,116.211273
    39.896088,116.211220
    39.900269,116.211151
    39.911491,116.211098
    39.913280,116.211143
    39.915581,116.211319
    39.921246,116.212044
    39.924332,116.212265
    39.928032,116.212303
    39.940712,116.211922
    39.942539,116.212021
    39.943558,116.212242
    39.945053,116.212784
    39.946404,116.213539
    39.948139,116.214622
    39.949108,116.215141
    39.950066,116.215515
    39.951290,116.215836
    39.952740,116.216125
    39.975304,116.220306
    39.978180,116.220787
    39.980396,116.221031
    39.982567,116.221146
    39.988468,116.221191
    39.988468,116.221191
    39.990139,116.221573
    39.991806,116.222130
    39.991806,116.222130
    39.991798,116.222290
    39.991856,116.222557
    39.992023,116.222885
    39.992199,116.223053
    39.992355,116.223129
    39.992672,116.223152
    39.992619,116.226105
    39.992645,116.226486
    39.992943,116.228142
    39.992756,116.229889
    39.992748,116.230347
    39.992924,116.232887
    39.992950,116.236671
    39.993027,116.239090
    39.993263,116.242821

// 08:45 10:00 玉泉趵突
	39.993263,116.242821
	39.993259,116.242867
    39.993130,116.244209
    39.988682,116.245239
    39.988880,116.246422
    39.989079,116.246964
    39.988899,116.247253
    39.989182,116.247887
    39.989609,116.248329
    39.990021,116.248398
    39.990929,116.247658
    39.991180,116.247589
    39.991203,116.247536
    39.991203,116.247597
    39.991245,116.247536
    39.991283,116.247612
    39.991570,116.247711
    39.991798,116.248123
    39.991650,116.248840
    39.991669,116.249298
    39.991600,116.249763
    39.991859,116.250549
    39.992950,116.251289
    39.992901,116.251556
    39.991291,116.251457

// 10:00 10:30 玉泉趵突-西山晴雪	
    39.991291,116.251457
    39.991241,116.251495
    39.989807,116.251144
    39.989567,116.251045
    39.989414,116.250870
    39.988899,116.249329
    39.988583,116.248085
    39.988239,116.247009
    39.987801,116.244781
    39.987858,116.244522
    39.988064,116.244179
    39.988197,116.244049
    39.988537,116.243912
    39.989113,116.243912
    39.990448,116.243652
    39.991165,116.243584
    39.992428,116.243263
    39.993240,116.243248
    39.993279,116.243057
    39.993107,116.240646
    39.992973,116.237488
    39.992924,116.232887
    39.992748,116.230347
    39.992756,116.229889
    39.992943,116.228142
    39.992645,116.226486
    39.992619,116.226105
    39.992672,116.223152
    39.992672,116.223152
    39.992905,116.223045
    39.993046,116.222923
    39.993221,116.222610
    39.993301,116.222260
    39.993259,116.221848
    39.993034,116.221375
    39.993031,116.221191
    39.993362,116.219398
    39.993683,116.217148
    39.993568,116.215836
    39.993607,116.214050
    39.993702,116.212242
    39.993965,116.209679
    39.994190,116.208336
    39.994274,116.207504
    39.994274,116.204269
    39.994179,116.203285
    39.994179,116.203285
    39.991821,116.203262
    39.991821,116.203262
    39.991711,116.200966
    39.991711,116.200966
    39.991608,116.200127
    39.991249,116.199356
    39.991039,116.198715
    39.991112,116.198158

// 10:30 11:45 西山晴雪
    39.991112,116.198158
    39.991112,116.198044
    39.991062,116.197357
    39.990585,116.197189
    39.990456,116.195892
    39.990562,116.195427
    39.990322,116.194344
    39.989902,116.193268
    39.990387,116.191895
    39.990932,116.191177
    39.991539,116.190758
    39.991974,116.189636
    39.991936,116.189430
    39.991276,116.189087
    39.991680,116.188766
    39.991837,116.188354
    39.991798,116.187981
    39.991844,116.187920
    39.992374,116.187904
    39.992489,116.188232
    39.992710,116.188446
    39.992859,116.188927
    39.993011,116.189064
    39.993023,116.188759
    39.993145,116.188499
    39.993275,116.188309
    39.993477,116.188095
    39.993542,116.187981
    39.993469,116.187508
    39.993343,116.187386
    39.992668,116.187218
    39.992229,116.187042
    39.992180,116.186882
    39.992233,116.186508
    39.992405,116.186188
    39.992393,116.186104
    39.992249,116.186081
    39.991863,116.186081
    39.991798,116.186012
    39.991837,116.185555
    39.991760,116.185448
    39.991619,116.185425
    39.991177,116.184845
    39.991081,116.184921
    39.990784,116.184959
    39.990746,116.184990
    39.990791,116.185066
    39.990723,116.185028
    39.990696,116.185066
    39.990757,116.185089
    39.990742,116.185135
    39.990650,116.185150
    39.990784,116.185669
    39.990376,116.185822
    39.990425,116.186127
    39.990387,116.186127
    39.990040,116.185913
    39.989922,116.185936
    39.989609,116.186470
    39.989613,116.186707
    39.989693,116.187019
    39.989937,116.187233
    39.990128,116.187233
    39.990498,116.186890
    39.990650,116.186790
    39.990788,116.186813
    39.990894,116.186981
    39.990894,116.187218
    39.990673,116.187454
    39.990536,116.187881
    39.990547,116.188316
    39.990391,116.188522
    39.989742,116.188713
    39.989697,116.188797
    39.989571,116.188789
    39.990528,116.189079
    39.990368,116.189590
    39.990376,116.190033
    39.990593,116.190186
    39.990711,116.191093
    39.990929,116.191223
    39.990410,116.191856

// 11:45 13:00 西山晴雪-居庸叠翠 
    39.990410,116.191856
    39.990196,116.192314
    39.989952,116.192902
    39.989868,116.193314
    39.990211,116.193863
    39.990463,116.194870
    39.990524,116.195465
    39.990471,116.195999
    39.990471,116.195999
    39.990501,116.196716
    39.990578,116.197136
    39.990707,116.197266
    39.991310,116.197578
    39.991394,116.197662
    39.991856,116.199013
    39.991943,116.199219
    39.992210,116.199608
    39.992340,116.199997
    39.992485,116.200661
    39.992592,116.201851
    39.992596,116.202522
    39.992546,116.203247
    39.992546,116.203247
    39.993431,116.203278
    39.993431,116.203278
    39.993465,116.203667
    39.993458,116.205437
    39.993156,116.207184
    39.992657,116.209511
    39.992554,116.210098
    39.992573,116.210167
    39.992573,116.210167
    39.993958,116.209747
    39.993958,116.209747
    39.993732,116.211792
    39.993607,116.214050
    39.993568,116.215836
    39.993683,116.217148
    39.993362,116.219398
    39.993050,116.221062
    39.992912,116.221214
    39.992748,116.221268
    39.992748,116.221268
    39.992500,116.221237
    39.992344,116.221275
    39.992023,116.221497
    39.991852,116.221848
    39.991810,116.222382
    39.991982,116.222832
    39.992199,116.223053
    39.992355,116.223129
    39.992584,116.223167
    39.992737,116.223137
    39.993046,116.222923
    39.993168,116.223206
    39.993248,116.223587
    39.993248,116.223587
    39.993599,116.223557
    39.993744,116.223625
    39.994686,116.224770
    39.995277,116.225571
    39.995476,116.225769
    39.995838,116.226646
    39.996300,116.228050
    39.996616,116.229370
    39.996948,116.231049
    39.997856,116.236351
    39.998146,116.237755
    39.998440,116.238869
    39.999069,116.240707
    40.001125,116.245506
    40.001125,116.245506
    40.001591,116.246742
    40.002045,116.248222
    40.002388,116.249802
    40.002460,116.250305
    40.002605,116.251678
    40.002666,116.252846
    40.003036,116.262833
    40.003292,116.264938
    40.003494,116.265808
    40.003742,116.266617
    40.004238,116.267731
    40.004547,116.268265
    40.005234,116.269218
    40.005856,116.269867
    40.006290,116.270233
    40.007095,116.270744
    40.009163,116.271927
    40.009892,116.272491
    40.010384,116.273026
    40.011044,116.273911
    40.011467,116.274757
    40.011799,116.275635
    40.012081,116.276794
    40.012295,116.278305
    40.014309,116.295937
    40.014633,116.298447
    40.015087,116.300690
    40.016037,116.304276
    40.016838,116.307556
    40.017216,116.309792
    40.018513,116.318588
    40.018837,116.320412
    40.019386,116.323021
    40.019814,116.324753
    40.020679,116.327873
    40.022533,116.333687
    40.022751,116.334457
    40.022957,116.335564
    40.023106,116.336754
    40.023159,116.338013
    40.023079,116.347748
    40.023014,116.349838
    40.023014,116.349838
    40.022930,116.350410
    40.022797,116.350891
    40.021786,116.354027
    40.021694,116.354416
    40.021660,116.354858
    40.021751,116.355431
    40.022015,116.355972
    40.022266,116.356239
    40.022526,116.356415
    40.022942,116.356529
    40.023224,116.356506
    40.023567,116.356369
    40.023834,116.356155
    40.024055,116.355850
    40.024269,116.355385
    40.024536,116.354645
    40.025169,116.352684
    40.025326,116.352379
    40.025864,116.351646
    40.030079,116.348442
    40.041401,116.339645
    40.046455,116.335808
    40.051022,116.332253
    40.066608,116.320351
    40.070824,116.317047
    40.087276,116.304352
    40.091244,116.301140
    40.100124,116.294197
    40.103851,116.292076
    40.104710,116.291367
    40.105358,116.290749
    40.107056,116.288734
    40.115566,116.277092
    40.117619,116.274338
    40.118492,116.273239
    40.122726,116.269524
    40.123547,116.269096
    40.124020,116.268921
    40.124748,116.268761
    40.125488,116.268661
    40.126938,116.268570
    40.132755,116.268394
    40.133827,116.268120
    40.135159,116.267410
    40.145916,116.258705
    40.149097,116.256058
    40.162678,116.246834
    40.165298,116.245186
    40.166019,116.244843
    40.167156,116.244431
    40.173546,116.242615
    40.174908,116.242088
    40.176861,116.241119
    40.179707,116.239578
    40.190502,116.233955
    40.204327,116.227249
    40.211548,116.223808
    40.213062,116.222900
    40.220806,116.217720
    40.221313,116.217339
    40.222290,116.216438
    40.222755,116.215767
    40.223770,116.213554
    40.224213,116.212265
    40.224590,116.210114
    40.224739,116.207718
    40.224857,116.198830
    40.225018,116.196487
    40.225414,116.194427
    40.226887,116.188934
    40.231033,116.173965
    40.232647,116.168358
    40.232887,116.167732
    40.233505,116.166443
    40.234234,116.165321
    40.234779,116.164612
    40.235641,116.163673
    40.239300,116.160606
    40.239948,116.159981
    40.240654,116.159142
    40.241364,116.158112
    40.241829,116.157349
    40.242702,116.155342
    40.243187,116.153725
    40.243893,116.151024
    40.244621,116.149124
    40.249645,116.138000
    40.252262,116.132378
    40.252914,116.131340
    40.255177,116.128746
    40.255585,116.128067
    40.256969,116.125145
    40.257648,116.123917
    40.260654,116.119194
    40.261189,116.117966
    40.261959,116.115425
    40.262337,116.114517
    40.262821,116.113724
    40.263390,116.112953
    40.263885,116.112404
    40.264233,116.112160
    40.265915,116.111229
    40.267284,116.110359
    40.268452,116.109322
    40.269405,116.108109
    40.271168,116.105179
    40.271835,116.103813
    40.272213,116.102631
    40.273712,116.096306
    40.274170,116.095116
    40.278419,116.086975
    40.278870,116.086296
    40.279884,116.085030
    40.280781,116.084000
    40.283722,116.080116
    40.284405,116.079300
    40.285080,116.078629
    40.287491,116.076714
    40.287491,116.076714
    40.287888,116.076584
    40.287888,116.076584
    40.287964,116.076851
    40.287933,116.077034
    40.287861,116.077148
    40.287525,116.077362
    40.287086,116.077560
    40.286636,116.077675
    40.286438,116.077507
    40.285973,116.076447
    40.285973,116.076447
    40.286888,116.075989
    40.288136,116.075539
    40.288261,116.075455
    40.288731,116.074921
    40.288857,116.074829
    40.291122,116.073669
    40.291492,116.073448
    40.292110,116.072922
    40.292110,116.072922
    40.291790,116.072960
    40.291382,116.073112
    40.290730,116.073486
    40.290272,116.073631
    40.290016,116.073830

// 13:00 14:45 居庸叠翠 GPS +offset 0.001596,0.006394
    40.288420,116.067436
    40.287842,116.067749
    40.287560,116.066650
    40.287304,116.065727
    40.287258,116.065361
    40.287075,116.064941
    40.286991,116.064606
    40.286839,116.064308
    40.286839,116.064072
    40.286770,116.063805
    40.286682,116.063591
    40.286739,116.063171
    40.286942,116.062103
    40.286854,116.061874
    40.286755,116.061813
    40.286671,116.061729
    40.286694,116.061584
    40.286621,116.061638
    40.286659,116.061790
    40.286724,116.061569
    40.287037,116.061378
    40.287117,116.061058
    40.287121,116.060959
    40.287174,116.060959
    40.287491,116.060860
    40.287613,116.060738
    40.287701,116.060493
    40.287701,116.060638
    40.287701,116.060326
    40.287663,116.060158
    40.287872,116.059967
    40.287998,116.059898
    40.288078,116.059563
    40.288216,116.059479
    40.288643,116.059235
    40.288712,116.059036
    40.288807,116.059181
    40.288845,116.059395
    40.289135,116.059677
    40.289516,116.059830
    40.289623,116.060081
    40.289883,116.060242
    40.289948,116.060371
    40.290234,116.060638
    40.290031,116.060822
    40.290146,116.061150
    40.290371,116.061470
    40.290272,116.061638
    40.290936,116.062798
    40.291611,116.063683
    40.291893,116.063934
    40.292007,116.064438
    40.292011,116.064651
    40.292133,116.064804
    40.292053,116.065002
    40.292145,116.065109
    40.292156,116.065392
    40.292538,116.065819
    40.292889,116.066238
    40.293034,116.066589
    40.293159,116.066528
    40.292450,116.065720
    40.292484,116.065460
    40.291698,116.065834

// 14:45 16:00 居庸叠翠-蓟门烟树 
    40.293294,116.072228
    40.292713,116.072350
    40.291870,116.073151
    40.291492,116.073448
    40.288857,116.074829
    40.288731,116.074921
    40.288261,116.075455
    40.288136,116.075539
    40.286888,116.075989
    40.286324,116.076256
    40.285938,116.076469
    40.285553,116.076790
    40.285198,116.077316
    40.285095,116.077538
    40.284843,116.078522
    40.284718,116.078751
    40.283825,116.079788
    40.283321,116.080292
    40.281967,116.082054
    40.281036,116.083092
    40.278625,116.086166
    40.277782,116.087379
    40.277294,116.088280
    40.277294,116.088280
    40.277222,116.088562
    40.276009,116.091209
    40.275887,116.091576
    40.274078,116.095047
    40.273731,116.095924
    40.273613,116.096252
    40.272110,116.102585
    40.271736,116.103745
    40.271080,116.105095
    40.269325,116.108017
    40.268383,116.109207
    40.267227,116.110237
    40.265869,116.111099
    40.264187,116.112030
    40.263821,116.112289
    40.263317,116.112846
    40.262741,116.113632
    40.262245,116.114441
    40.261860,116.115364
    40.261093,116.117905
    40.260567,116.119110
    40.257561,116.123833
    40.256878,116.125069
    40.255497,116.127983
    40.255096,116.128647
    40.254532,116.129341
    40.252754,116.131340
    40.252132,116.132324
    40.250618,116.135498
    40.244461,116.149063
    40.243980,116.150276
    40.243526,116.151627
    40.243019,116.153671
    40.242435,116.155579
    40.241673,116.157272
    40.241230,116.158028
    40.240494,116.159050
    40.239819,116.159866
    40.239147,116.160515
    40.235493,116.163589
    40.234699,116.164459
    40.234367,116.164864
    40.233456,116.166153
    40.232758,116.167610
    40.232441,116.168449
    40.230877,116.173904
    40.229897,116.177551
    40.226002,116.191544
    40.225246,116.194412
    40.224907,116.196114
    40.224751,116.197868
    40.224709,116.198830
    40.224583,116.207787
    40.224426,116.210091
    40.224049,116.212204
    40.223618,116.213470
    40.222622,116.215652
    40.222359,116.216072
    40.222111,116.216354
    40.221146,116.217201
    40.218643,116.218933
    40.212723,116.222878
    40.211563,116.223564
    40.204445,116.226936
    40.188908,116.234528
    40.184532,116.236870
    40.179588,116.239365
    40.175503,116.241577
    40.173462,116.242378
    40.166908,116.244293
    40.165459,116.244858
    40.164871,116.245178
    40.161983,116.247040
    40.148727,116.256058
    40.146088,116.258095
    40.138382,116.264397
    40.135086,116.267220
    40.133739,116.267914
    40.132721,116.268227
    40.126938,116.268364
    40.125477,116.268463
    40.124611,116.268578
    40.123974,116.268745
    40.123474,116.268929
    40.122650,116.269386
    40.118420,116.273117
    40.117500,116.274261
    40.110641,116.283424
    40.106903,116.288605
    40.105247,116.290504
    40.104622,116.291145
    40.103775,116.291824
    40.100060,116.293922
    40.091660,116.300468
    40.082340,116.307846
    40.066559,116.320114
    40.057919,116.326675
    40.051708,116.331505
    40.050076,116.332649
    40.046322,116.335602
    40.036613,116.343040
    40.027107,116.350471
    40.024075,116.352768
    40.014881,116.359947
    40.009243,116.364220
    40.003830,116.368179
    39.999344,116.371574
    39.993416,116.376144
    39.992340,116.376839
    39.991364,116.377235
    39.991364,116.377235
    39.990475,116.377335
    39.989948,116.377235
    39.989948,116.377235
    39.989452,116.376968
    39.988201,116.376137
    39.987892,116.375740
    39.987743,116.375237
    39.987644,116.373268
    39.987572,116.372841
    39.987522,116.372154
    39.987259,116.362068
    39.987137,116.358856
    39.987137,116.358856
    39.987293,116.358055
    39.987118,116.353355
    39.987118,116.353355
    39.985538,116.353447
    39.985538,116.353447
    39.979229,116.353882
    39.979229,116.353882
    39.978989,116.353775
    39.978134,116.353798
    39.977943,116.353745
    39.977226,116.353706
    39.977032,116.353653
    39.976494,116.353333
    39.976494,116.353333
    39.976196,116.353134
    39.976196,116.353134
    39.976215,116.353989

// 16:00 16:40 蓟门烟树
    39.976215,116.353989
    39.976231,116.354073
    39.976212,116.354256
    39.975754,116.354309
    39.975719,116.354004
    39.975597,116.353951
    39.975067,116.353897
    39.974712,116.353935
    39.974411,116.353584
    39.973564,116.354057
    39.973213,116.354050
    39.973289,116.353844
    39.973206,116.353874
    39.973301,116.354027
    39.973415,116.353966
    39.970367,116.354202
    39.968678,116.354294
    39.968075,116.354134

// 16:40 18:00 蓟门烟树-金台夕照 
    39.968075,116.354134
    39.967873,116.353836
    39.967865,116.353073
    39.967865,116.353073
    39.967911,116.352722
    39.968033,116.352669
    39.968605,116.352921
    39.968708,116.353088
    39.968685,116.353294
    39.968685,116.353294
    39.966564,116.353409
    39.966564,116.353409
    39.966496,116.353325
    39.966469,116.353188
    39.966484,116.353081
    39.966549,116.352989
    39.967392,116.352692
    39.967457,116.352699
    39.967525,116.352791
    39.967590,116.356911
    39.967541,116.358147
    39.967541,116.358147
    39.967648,116.358582
    39.967697,116.366669
    39.967812,116.368797
    39.967949,116.372986
    39.968304,116.388618
    39.968658,116.401505
    39.968937,116.410011
    39.968937,116.410011
    39.969120,116.418480
    39.969551,116.433899
    39.969528,116.434998
    39.969475,116.435486
    39.969349,116.436119
    39.969044,116.437042
    39.968494,116.438072
    39.962509,116.447250
    39.957081,116.455391
    39.957081,116.455391
    39.954468,116.459351
    39.953869,116.460197
    39.953163,116.460899
    39.952759,116.461189
    39.952038,116.461510
    39.951595,116.461624
    39.950195,116.461678
    39.937473,116.461647
    39.934628,116.461685
    39.925900,116.461563
    39.919746,116.461540
    39.919746,116.461540
    39.916271,116.461632
    39.916271,116.461632
    39.915848,116.461456
    39.914631,116.461517
    39.914631,116.461517
    39.914627,116.459282
    39.914627,116.459282
    39.915401,116.459274

// 18:00 18:20 金台夕照
    39.915401,116.459274
    39.915482,116.459343
    39.915653,116.459579
    39.915623,116.460052
    39.915386,116.459846
    39.915520,116.459602
    39.915318,116.459633
    39.915421,116.459976
    39.915295,116.460030
    39.915333,116.459900
    39.915367,116.459663
    39.915604,116.460251
    39.915657,116.460777
    39.915848,116.461372
    39.915890,116.461456

// 18:20 19:15 金台夕照-琼岛春荫 
    39.915890,116.461456
    39.915798,116.461464
    39.913574,116.461555
    39.913574,116.461555
    39.913494,116.457664
    39.913460,116.450371
    39.913460,116.450371
    39.918697,116.450409
    39.922890,116.450378
    39.922890,116.450378
    39.922951,116.450272
    39.923016,116.449677
    39.923428,116.445084
    39.923557,116.444283
    39.924015,116.442177
    39.924213,116.440781
    39.924541,116.437202
    39.924580,116.435493
    39.924652,116.435104
    39.924652,116.435104
    39.924767,116.434891
    39.924786,116.434547
    39.924744,116.434151
    39.924538,116.433784
    39.924515,116.433617
    39.924397,116.417503
    39.924397,116.417503
    39.924362,116.410759
    39.924362,116.410759
    39.924419,116.409477
    39.924267,116.403923
    39.924191,116.403671
    39.923656,116.402924
    39.923531,116.402527
    39.923531,116.402527
    39.923195,116.393776
    39.923195,116.393776
    39.925640,116.393669
    39.925640,116.393669
    39.925648,116.392921
    39.925781,116.392540
    39.925789,116.391693
    39.925873,116.391289
    39.925869,116.390991

// 19:15 20:30 琼岛春荫
    39.925869,116.390991
    39.925869,116.390846
    39.925831,116.390327
    39.925949,116.390343
    39.926571,116.390083
    39.926498,116.389778
    39.926392,116.389832
    39.926449,116.389908
    39.926361,116.389870
    39.926392,116.389923
    39.926460,116.389618
    39.926392,116.389420
    39.926208,116.389290
    39.925991,116.389259
    39.925911,116.389183
    39.925720,116.389168
    39.925701,116.389259
    39.925442,116.389214
    39.924541,116.389236
    39.924549,116.389076
    39.924240,116.389000
    39.924171,116.389282
    39.923950,116.389259
    39.923512,116.389091
    39.923340,116.389503
    39.923050,116.389709
    39.923050,116.390129
    39.923779,116.391037
    39.924000,116.391190
    39.924389,116.391273
    39.925060,116.391273
    39.925770,116.390892
    39.926350,116.390862
    39.927238,116.391441
    39.928131,116.391876
    39.928860,116.391533
    39.929401,116.391930
    39.929440,116.391479
    39.929409,116.391129
    39.928371,116.390091
    39.926392,116.387352
    39.924030,116.387756
    39.923180,116.388229
    39.923019,116.387192
    39.924648,116.386902
    39.925999,116.385620
    39.928761,116.385368
    39.927330,116.386642
    39.929661,116.385986
    39.929340,116.388786
    39.931221,116.389740
    39.931789,116.389023
    39.931461,116.388748
    39.931839,116.388199
    39.931969,116.387428
    39.932140,116.387833
    39.932079,116.387482
    39.932152,116.387657
    39.932152,116.387383
    39.932362,116.387543
    39.932541,116.388344
    39.932259,116.388000
    39.932098,116.388298
    39.932270,116.389282
    39.932560,116.389717
    39.933060,116.391220
    39.933159,116.391930
    39.933399,116.392113
    39.933411,116.392906
    39.933521,116.392929
    39.933521,116.392174
    39.935928,116.390862
    39.936169,116.390900
    39.936371,116.390923
    39.936478,116.390770
    39.936871,116.391777
    39.937416,116.393616
    39.937866,116.394043
    39.938229,116.393990
    39.938648,116.393753
    39.938953,116.393356
    39.939125,116.393517
    39.938854,116.393967
    39.938698,116.394440
    39.938400,116.394753
    39.937778,116.395027
    39.936913,116.395058
    39.936501,116.395210
    39.936066,116.395103
    39.935127,116.393105
    39.934841,116.392853
    39.934063,116.392746
    39.933834,116.392738
    39.933620,116.392639
    39.933559,116.392860
    39.933414,116.392982

// 20:30 20:45 琼岛春荫-太液秋风 
    39.933414,116.392982
    39.933395,116.393044
    39.933399,116.393715
    39.932896,116.393738
    39.932606,116.393654
    39.932236,116.393661
    39.932232,116.393036
    39.931820,116.393074
    39.931789,116.393120
    39.931591,116.393120
    39.931568,116.392899
    39.930515,116.392944
    39.930073,116.393013
    39.930077,116.393471
    39.930172,116.393501
    39.930161,116.393761
    39.929478,116.393768
    39.929230,116.393806
    39.929058,116.393738
    39.929016,116.393387
    39.928696,116.393372
    39.928528,116.393478
    39.928337,116.393738
    39.928291,116.393616
    39.928177,116.393578
    39.923199,116.393776
    39.923141,116.391953
    39.923080,116.391678
    39.923027,116.391418
    39.922489,116.391029
    39.922012,116.391029
    39.914806,116.391373
    39.914764,116.390305

// 20:45 21:45 太液秋风 GPS +offset 0.001405,0.006244
    39.913359,116.384061
    39.913349,116.383347
    39.913357,116.383095
    39.913940,116.383018
    39.914261,116.382927
    39.915035,116.383125
    39.916130,116.383186
    39.916294,116.383461
    39.916592,116.383545
    39.916573,116.383095
    39.916668,116.382843
    39.916759,116.382286
    39.916882,116.382065
    39.917213,116.382126
    39.917595,116.382149
    39.917557,116.381798
    39.917568,116.381699
    39.917641,116.383728
    39.913815,116.383118
    39.913303,116.383163
    39.913467,116.383705
    39.913628,116.383652
    39.913624,116.383385
    39.913738,116.383705
    39.913944,116.383713
    39.914051,116.383652
    39.914139,116.383636
    39.914127,116.383720
    39.914185,116.383705
    39.914219,116.384369
    39.914314,116.384354
    39.914196,116.384323
    39.914169,116.384331
    39.914192,116.384346
    39.914165,116.384377
    39.914116,116.384377
    39.914143,116.384689
    39.914158,116.384834
    39.914188,116.384880
    39.914188,116.385056
    39.913315,116.385254
    39.913322,116.385956
    39.913555,116.385796
    39.913559,116.386200
    39.913345,116.386093
    39.913265,116.386360
    39.913185,116.386459
    39.913063,116.386459
    39.912941,116.386314
    39.912590,116.386353
    39.912479,116.386467
    39.912182,116.386520
    39.912151,116.386589
    39.912067,116.386703
    39.912113,116.387756
    39.912071,116.387794
    39.912159,116.389893
    39.911968,116.389900
    39.911938,116.390129
    39.911884,116.390083
    39.911488,116.390030
    39.911293,116.390236
    39.911346,116.391647

// 21:45 22:00 太液秋风-天安门
    39.912751,116.397891
    39.912762,116.397842
    39.912682,116.397270
    39.907959,116.397530
    39.907906,116.395164
    39.906914,116.395203
    39.906864,116.395966

// 22:00 23:04 天安门
    39.906864,116.395966
    39.906811,116.396034
    39.903664,116.396187
    39.900784,116.397873
    39.903736,116.399254
    39.906918,116.399063
    39.906901,116.399065

// 23:04 00:00 天安门
	39.906901,116.399065
