// 05:00 05:45 SF-SFO
    37.787621,-122.408310
    37.785545,-122.407898
    37.785545,-122.407898
    37.785728,-122.405891
    37.785728,-122.405891
    37.785629,-122.405693
    37.785286,-122.405228
    37.780815,-122.399612
    37.780815,-122.399612
    37.780441,-122.399666
    37.780132,-122.399803
    37.779575,-122.400314
    37.778934,-122.401085
    37.778790,-122.401123
    37.778790,-122.401123
    37.777679,-122.402596
    37.775967,-122.405403
    37.775421,-122.406067
    37.774960,-122.406387
    37.774502,-122.406631
    37.774040,-122.406792
    37.773624,-122.406853
    37.773129,-122.406845
    37.772366,-122.406738
    37.771893,-122.406593
    37.770573,-122.405952
    37.770573,-122.405952
    37.770195,-122.405769
    37.769493,-122.405594
    37.765686,-122.405273
    37.764568,-122.405136
    37.764015,-122.405121
    37.763485,-122.405212
    37.762867,-122.405418
    37.761604,-122.406181
    37.761223,-122.406357
    37.760822,-122.406448
    37.760235,-122.406456
    37.759815,-122.406372
    37.759422,-122.406219
    37.758938,-122.405891
    37.758549,-122.405510
    37.757565,-122.404198
    37.757198,-122.403824
    37.756687,-122.403496
    37.756161,-122.403305
    37.755756,-122.403236
    37.752983,-122.402992
    37.752335,-122.403015
    37.751175,-122.403236
    37.744980,-122.405228
    37.743965,-122.405815
    37.742256,-122.407219
    37.741497,-122.407669
    37.740997,-122.407860
    37.740231,-122.408066
    37.739574,-122.408157
    37.738495,-122.408134
    37.737869,-122.408035
    37.736946,-122.407776
    37.736290,-122.407471
    37.734959,-122.406746
    37.732273,-122.405083
    37.730556,-122.404190
    37.726894,-122.402596
    37.721336,-122.400391
    37.718987,-122.399681
    37.717274,-122.399231
    37.716076,-122.398781
    37.715115,-122.398201
    37.713150,-122.396622
    37.712280,-122.396133
    37.711487,-122.395813
    37.708790,-122.395180
    37.704655,-122.394318
    37.683281,-122.389473
    37.679859,-122.388657
    37.679173,-122.388527
    37.678238,-122.388474
    37.677212,-122.388557
    37.676365,-122.388748
    37.674789,-122.389389
    37.673748,-122.389938
    37.672729,-122.390564
    37.671825,-122.391182
    37.670837,-122.391953
    37.670311,-122.392395
    37.669010,-122.393631
    37.665817,-122.396706
    37.665150,-122.397415
    37.664101,-122.398750
    37.661373,-122.402946
    37.660583,-122.403938
    37.659790,-122.404671
    37.658958,-122.405235
    37.656300,-122.406601
    37.655628,-122.406860
    37.654995,-122.407021
    37.654255,-122.407135
    37.653641,-122.407166
    37.644817,-122.406418
    37.641769,-122.406136
    37.640644,-122.405930
    37.639149,-122.405426
    37.637936,-122.404869
    37.637936,-122.404869
    37.637459,-122.404739
    37.636250,-122.404259
    37.635723,-122.404099
    37.635723,-122.404099
    37.631153,-122.403267
    37.628643,-122.402931
    37.627075,-122.402641
    37.626152,-122.402374
    37.624317,-122.401588
    37.621494,-122.400558
    37.619427,-122.399956
    37.619427,-122.399956
    37.617851,-122.399406
    37.617851,-122.399406
    37.617695,-122.399422
    37.614712,-122.398270
    37.614395,-122.398109
    37.614059,-122.397812
    37.613804,-122.397446
    37.613628,-122.397041
    37.613514,-122.396576
    37.613514,-122.396576
    37.613461,-122.396111
    37.613499,-122.395302
    37.613880,-122.393616
    37.613880,-122.393616
    37.614445,-122.391441
    37.614445,-122.391266
    37.614323,-122.390602
    37.614391,-122.390335
    37.614391,-122.390335
    37.614456,-122.390007
    37.614563,-122.389877
    37.614742,-122.389778
    37.614883,-122.389763
    37.615402,-122.389969

// 05:45 06:30 SFO
    -122.389694,37.615368
    -122.388756,37.613918
    -122.390053,37.611900

// 06:00 07:00 SFO
    37.611752,-122.390099

// 07:00 18:30 SFO-PEK
    37.611378,-122.389412
    47.129951,-128.715820
    53.435711,-134.516602
    60.042900,-147.216797
    62.573101,-156.181641
    64.453842,-165.058594
    64.339897,-173.144531
    64.642700,178.681641
    64.680313,170.200195
    61.856140,156.225586
    59.333179,147.744141
    53.592499,137.285156
    45.552525,127.177734
    40.080009,116.614464

// 18:30 18:45 PEK
    40.079380,116.614548
    40.076820,116.612099
    40.055828,116.615410

// 18:45 20:00 PEK
    40.055756,116.615341

// 20:00 20:50 PEK-国贸
    40.054733,116.615425
    40.054657,116.614479
    40.054588,116.614098
    40.054489,116.613663
    40.054241,116.613060
    40.054024,116.612724
    40.053143,116.611687
    40.052776,116.611465
    40.052216,116.611404
    40.051857,116.611488
    40.051590,116.611649
    40.051128,116.611954
    40.050755,116.612305
    40.050434,116.612709
    40.049934,116.613541
    40.049469,116.614174
    40.048977,116.614716
    40.048462,116.615173
    40.047604,116.615723
    40.047009,116.615974
    40.044945,116.616508
    40.044945,116.616508
    40.043613,116.616676
    40.043182,116.616631
    40.042709,116.616478
    40.040642,116.615410
    40.039364,116.614639
    40.036240,116.612976
    40.033581,116.611366
    40.033581,116.611366
    40.033051,116.610939
    40.032024,116.610229
    40.032024,116.610229
    40.031605,116.609756
    40.031334,116.609360
    40.031059,116.608803
    40.030857,116.608200
    40.030758,116.607674
    40.030724,116.607178
    40.030724,116.606628
    40.030827,116.605957
    40.031002,116.605347
    40.031883,116.603424
    40.033524,116.600494
    40.034084,116.599411
    40.034271,116.598877
    40.034843,116.597588
    40.035233,116.596512
    40.035423,116.595711
    40.035694,116.594284
    40.035782,116.593475
    40.035828,116.592789
    40.035797,116.591003
    40.035507,116.588737
    40.034496,116.582024
    40.034382,116.579872
    40.034382,116.579872
    40.034531,116.578270
    40.034672,116.577652
    40.034977,116.576843
    40.035473,116.576004
    40.035473,116.576004
    40.036224,116.574928
    40.036446,116.574486
    40.036583,116.574089
    40.036659,116.573608
    40.036674,116.573029
    40.036617,116.572563
    40.036472,116.572060
    40.034950,116.568993
    40.033958,116.567085
    40.033005,116.565315
    40.032806,116.565048
    40.031445,116.562210
    40.030548,116.560036
    40.030052,116.558624
    40.027721,116.551186
    40.026268,116.546844
    40.022190,116.535255
    40.017956,116.523476
    40.016872,116.520988
    40.015991,116.519371
    40.015182,116.518127
    40.014297,116.516922
    40.012653,116.515030
    40.008633,116.510551
    40.004482,116.506020
    40.003807,116.505226
    39.983353,116.482697
    39.957085,116.453514
    39.957085,116.453514
    39.956970,116.453262
    39.956966,116.453094
    39.957062,116.452927
    39.957226,116.452904
    39.957329,116.452965
    39.957890,116.453568
    39.957958,116.453819
    39.957935,116.454086
    39.957081,116.455391
    39.957081,116.455391
    39.954468,116.459351
    39.953869,116.460197
    39.953163,116.460899
    39.952759,116.461189
    39.952038,116.461510
    39.951595,116.461624
    39.950195,116.461678
    39.937473,116.461647
    39.934628,116.461685
    39.925900,116.461563
    39.919746,116.461540
    39.919746,116.461540
    39.916271,116.461632
    39.916271,116.461632
    39.915848,116.461456
    39.913452,116.461555
    39.910824,116.461479
    39.910545,116.461418
    39.910381,116.461327
    39.910133,116.461311
    39.908707,116.461365
    39.908707,116.461365
    39.908714,116.460938
    39.908714,116.460938
    39.907307,116.460915
    39.907307,116.460915
    39.907280,116.459190

// 20:50 21:10 国贸
    39.907280,116.459190

// 21:10 22:00 国贸-天安门
    39.907284,116.458969
    39.907314,116.458458
    39.907707,116.458420
    39.907707,116.458092
    39.907516,116.458076
    39.907516,116.458076
    39.907536,116.457718
    39.907536,116.457718
    39.908211,116.457718
    39.908211,116.457718
    39.908066,116.459015
    39.908077,116.459801
    39.908077,116.459801
    39.908207,116.460007
    39.908550,116.460007
    39.908699,116.459564
    39.908699,116.459564
    39.908630,116.458038
    39.908630,116.458038
    39.908478,116.457428
    39.908627,116.438271
    39.908607,116.436699
    39.908607,116.436699
    39.908630,116.434868
    39.908600,116.432320
    39.908337,116.418114
    39.908337,116.418114
    39.907776,116.399345
    39.907776,116.399345
    39.907574,116.392326
    39.907691,116.392603
    39.907226,116.392495
    39.907210,116.395435    
    39.906864,116.395966

// 22:00 23:04 天安门
    39.906864,116.395966
    39.906811,116.396034
    39.903664,116.396187
    39.900784,116.397873
    39.903736,116.399254
    39.906918,116.399063
    39.906901,116.399065

// 23:04 00:00 天安门
    39.906901,116.399065

